9.974997652158867911e-01 -3.485509822721971629e-03 8.971887526259075818e-02 4.754664276176740478e-01 1.011785521494540652e-01 2.029799253774782625e-02 4.470569289510248345e-02 3.832018433146960890e-02 1.733593654908619774e-01 1.014545160826956297e-02 -2.956309118925469839e-02 1.293304653400478843e-01 8.271620396598508562e-02 4.918061784161193994e-01 9.308179545644221231e-02 1.725582477550825430e-02 1.742314953934917532e-01 2.690432545662519229e-02 -2.791205801820281773e-02 1.226588295312452948e-01 6.538146018857068920e-02 3.521938468366361819e-03 4.439927046391559662e-01 3.301006093384923484e-02 1.131265114614657119e-01 -2.675607712794339510e-02 -1.237159320371486286e-02 1.467955354032782489e-01 2.557842510186254630e-03 4.809938176535510923e-01 1.214974585987189104e-01 1.807250677038041986e-01 9.697535238930887758e-02 -2.168304735874732048e-03 2.322096005582513223e-01 3.538606935959558997e-01 -1.375033276717121389e-01 1.039110036657283215e-01 4.986298919997024792e-01 1.641980927816903968e-01 1.120718456225862081e-01 4.995959503989035044e-02 8.334561450152079554e-02 2.129492096482466304e-02 3.956124216225565676e-02 1.847165298013516907e-02 1.180599900683997061e-01 7.762537043420082716e-02 3.481818411649313660e-02 2.173475415444634518e-01 2.007062286994675815e-01 1.270650154047259228e-01 4.826116455998634702e-01 8.743006278437562284e-02 9.425823884924683371e-02 2.344077300588202212e-02 3.710891296720616322e-02 2.418465249275329396e-02 5.015490175692218777e-01 1.236200886881598654e-01 2.776563166982503050e-01 4.763110221824165547e-01 9.564920982134025862e-02 1.935464356949647691e-01
-3.485509822721971629e-03 9.975000180909947556e-01 2.898547561946652751e-01 -3.861604174692443575e-02 1.884642852657206213e-01 2.472877680227660580e-01 2.673522857090425697e-01 1.848129354858142614e-01 1.770581384492085353e-01 2.499258631930810215e-01 1.628469884297905068e-01 2.750176247331670432e-01 2.863631626425419685e-01 1.425561226323341160e-02 3.436273044427740758e-02 2.162462955289263244e-01 1.211965919639383799e-01 1.956265545182054588e-01 2.735675653516220218e-01 2.761310941407537634e-01 3.613352378072064441e-01 2.316382370334357094e-02 -3.027571460279298438e-02 2.834762148818036342e-01 2.501059059942494223e-01 3.627571302862624969e-01 2.915402576568843496e-01 3.378758170086364476e-01 1.307157774917819815e-01 -4.267546842509005456e-02 2.767700563105063849e-01 7.911221848227315001e-02 4.577382343211002791e-01 3.617774903273559550e-01 1.564168371561533433e-01 -9.232576729417999242e-03 3.440942009056362494e-01 1.206169508350580233e-01 -7.836643823700181755e-02 1.795344185092274114e-01 2.903676609219899563e-01 3.133537662201190122e-01 4.143382725585125770e-01 4.051252273595948306e-01 3.899773059440737044e-01 1.960632385363498542e-01 2.963351084465802865e-01 1.546659395276196725e-01 1.295013869630475822e-01 2.307330910620993825e-01 4.864001090372209457e-02 3.251518093677166488e-02 1.847231289920076708e-02 2.973497017435966505e-01 2.713667838668486487e-01 1.993946273874989961e-01 2.286410803887262699e-01 2.845729442918650820e-01 -5.669189364289137917e-02 2.642311773907934369e-01 1.678955780328015429e-02 -1.344676746097235032e-01 2.763307191312727729e-01 1.422708288471065119e-01
8.971887526259075818e-02 2.898547561946652751e-01 9.975003444339070047e-01 6.277432533278012872e-02 3.231010902523182016e-01 2.254740516580711063e-01 3.872692679624452072e-01 1.765585084734445087e-01 3.133559747497873804e-01 1.562137005180112281e-01 1.209910762140281593e-01 2.387888993893430012e-01 5.905129769392248873e-01 1.554967856845969054e-01 5.492627263382111880e-02 3.441197085571893188e-01 1.838279451201200176e-01 2.776948194926642244e-01 1.656605335460754336e-01 5.282455163761585748e-01 3.145626629662148233e-01 3.313018176724583791e-02 2.047682604033924242e-02 4.619209791405193832e-01 2.125188093310859949e-01 2.808483068680234229e-01 3.646204780253568534e-01 2.597767661571282471e-01 2.235291953594468195e-01 3.291152439085610892e-02 5.195676549387439058e-01 2.110115255202974216e-01 3.147442469031003220e-01 2.294328422415172208e-01 3.082684697628358395e-01 9.469027500104774953e-02 2.674294608312169363e-01 2.018251090609663456e-01 -1.048768911155972643e-02 2.340359240856207113e-01 2.225857688334084705e-01 4.633920137567877351e-01 3.064970830105019917e-01 2.168124234904978409e-01 2.491062861704314568e-01 2.764487007128039742e-01 3.344158419117131964e-01 2.275985125643252838e-01 1.848005972156336885e-01 1.989530274758244122e-01 1.132324677897793425e-01 7.341147246198162502e-02 1.247005125823877625e-01 3.626485972981881023e-01 5.339636308374793305e-01 3.167910303902287117e-01 3.109037558222060849e-01 2.326911060256416086e-01 7.480096873496483445e-02 5.585438767369637070e-01 1.108765248720899738e-01 -1.193276054511910669e-02 2.251312208764973122e-01 1.500304996884236908e-01
4.754664276176740478e-01 -3.861604174692443575e-02 6.277432533278012872e-02 9.975003951575825978e-01 1.087967654074927654e-01 -4.009548766564309530e-02 5.696603389436734333e-03 6.087407132063417901e-03 1.701545379428702764e-01 -1.315282464515802989e-02 -1.529663695609866265e-02 5.785949931340014785e-02 5.464361436026218821e-02 6.114986335368718384e-01 6.715385448705479821e-02 -1.356604968061585897e-02 1.179812249976710803e-01 1.814422744766094192e-02 -7.607680122988774718e-02 1.028137405517282887e-01 4.493591349644573962e-02 2.733179718601640509e-03 5.298063451200465401e-01 -1.704596771223195611e-03 5.467175396110467156e-02 -9.956040587762168825e-02 -4.543005703907382342e-02 7.782548589773090331e-02 1.414844472995939895e-03 5.507123540082530244e-01 9.538822179792880163e-02 1.607798344420119374e-01 3.319512046830187801e-02 -6.871322632267871933e-02 2.273949033544488407e-01 3.774603223620815462e-01 -2.155458669031315999e-01 3.428463201891213813e-02 4.437818839275564642e-01 5.482091486397449448e-02 5.785505466933014984e-02 8.277976050439221634e-03 1.712441772915974242e-02 -1.235794567012743310e-02 -2.357783424480135864e-02 -9.489743853032802517e-03 5.538121725362416675e-02 2.146080627976222274e-02 -4.993954464255221520e-02 1.007406840121003455e-01 1.636732299734048879e-01 7.107264223692943972e-02 4.777489809244351293e-01 4.774537362708897170e-02 6.762345312153658639e-02 -2.126143759830106256e-02 7.642674078852286154e-03 -3.805545981585638921e-02 5.508645382190084927e-01 1.033372816623988888e-01 2.512014462385098179e-01 4.087186148016398457e-01 3.228705718177132811e-02 1.626191733504288028e-01
1.011785521494540652e-01 1.884642852657206213e-01 3.231010902523182016e-01 1.087967654074927654e-01 9.974999038781462435e-01 1.771210100234956730e-01 3.508077139294865643e-01 1.269145006576378465e-01 2.333337074845796555e-01 1.048143939899802146e-01 1.006088342407325670e-01 1.651650976159161621e-01 3.635335429712756028e-01 2.551614303438762277e-01 4.270049779886081476e-02 2.617694673451053666e-01 1.800819672895831169e-01 2.897682812307817990e-01 9.895498283993454935e-02 4.717233396537185985e-01 1.905114505700373773e-01 2.354282456100416712e-02 3.027592848779373999e-02 3.208554895181684463e-01 1.497858626366577184e-01 1.987905919296633350e-01 2.645178177590533641e-01 1.790592958850523997e-01 1.522258894887152103e-01 4.882790500630348335e-02 3.474897468486063401e-01 3.035997175695124284e-01 2.189630377038767617e-01 1.440754083545889297e-01 2.534043807897826683e-01 1.325977858540899890e-01 1.937857311037758656e-01 2.247881996687979833e-01 -8.532630997774565476e-03 2.142669787934830539e-01 1.532666690725265624e-01 3.500267747006985397e-01 2.151159909591655039e-01 1.393822796160339716e-01 1.658305390500861565e-01 1.689771345316470330e-01 2.162916318339629385e-01 2.315680613782190866e-01 1.783070331370436024e-01 1.402677153287177902e-01 1.296691899613791610e-01 9.560516996278217716e-02 1.477840080272015966e-01 3.151223582113451549e-01 3.362858493229504697e-01 2.676550220497048715e-01 2.423485736556364456e-01 1.739844875130398816e-01 1.049373909109326680e-01 3.572257116974361102e-01 1.097925649966052380e-01 -4.542568793683943174e-02 1.511769209592782048e-01 1.108357204717672073e-01
2.029799253774782625e-02 2.472877680227660580e-01 2.254740516580711063e-01 -4.009548766564309530e-02 1.771210100234956730e-01 9.975001065301762893e-01 3.199038220148818779e-01 1.971289236762037989e-01 1.317117065844011226e-01 1.421634294646557661e-01 4.411895734965537441e-02 2.396101118465934210e-01 2.377718637187043460e-01 2.198115776793321124e-02 6.311627730257610147e-02 1.938716698469558075e-01 3.103732069494846146e-01 1.421997821940555184e-01 2.542388993384162577e-01 2.263389519896462088e-01 1.622208422996928856e-01 1.410201031713143038e-02 -2.435204663490268470e-02 2.504668238955621296e-01 2.506395612406397966e-01 5.082500679244869035e-01 2.454194406258049521e-01 2.763694986100627138e-01 8.133626500818283422e-02 -5.900597627846799337e-02 2.207243581276747413e-01 1.412936812553143573e-01 2.990473847671168972e-01 3.479103003420396245e-01 1.249847030889138233e-01 3.429161570003212700e-02 4.698144046466525836e-01 2.115147335901677028e-01 -4.756713754302688280e-02 2.880306459403781383e-01 2.505439028571409543e-01 3.008844463154209392e-01 3.392414950382577343e-01 1.973965098910890059e-01 3.302462475011152532e-01 1.821460386900288775e-01 2.848111930073116693e-01 2.063257373245603599e-01 2.052705318481876928e-01 2.116181652012316394e-01 1.024206248940284919e-01 1.163580463143929211e-01 5.517689115266011246e-03 2.766652371553940393e-01 2.208241957998869909e-01 2.118547160558224562e-01 1.880483840449480026e-01 4.239068567979673574e-01 -2.860246242501562897e-02 2.139995139100156762e-01 9.001193410970761977e-02 -5.682184058428782492e-02 2.544712726297460592e-01 2.010744867008852910e-01
4.470569289510248345e-02 2.673522857090425697e-01 3.872692679624452072e-01 5.696603389436734333e-03 3.508077139294865643e-01 3.199038220148818779e-01 9.975000645911198394e-01 2.362469152909555670e-01 2.138755593107739272e-01 1.450868835623362885e-01 8.807988762466711918e-02 2.386829604562950014e-01 3.944607133052421832e-01 1.023637445736830243e-01 5.087615311097079540e-02 3.250168466236924014e-01 1.964677385919698649e-01 2.354325661635318090e-01 2.099021139218390786e-01 3.850177818068960534e-01 2.228474733237133243e-01 2.312523190661435954e-02 -1.998000605472742899e-02 4.095938917785262867e-01 2.217556562452470958e-01 3.613992864341852851e-01 3.851763064347291654e-01 2.645895898337036756e-01 1.495842258348429321e-01 -2.536083957891920732e-02 3.409648581381761190e-01 1.927747780608485006e-01 3.143275403973885274e-01 2.756622558492454744e-01 2.137348077164303028e-01 5.652401325921490444e-02 4.186244284569127783e-01 2.059897259492826649e-01 -5.091780914618453113e-02 2.509595930875637704e-01 2.301808677079199283e-01 5.771925104363606618e-01 3.282166545698116944e-01 2.060819865478195900e-01 2.805731370859212981e-01 2.464804998360183297e-01 3.118666412066980476e-01 2.365858533398596530e-01 1.961445071763531223e-01 2.019305391629341861e-01 1.025870989516929205e-01 7.840849249811618349e-02 6.657996311515226862e-02 4.348713097881600209e-01 3.567232401058636482e-01 3.019370591661444392e-01 2.665558878948186550e-01 2.863834654228952781e-01 1.567592963406604784e-02 3.519904153953006820e-01 1.124768019475426706e-01 -5.499090119283908673e-02 2.334765987280595645e-01 1.476953540595603021e-01
3.832018433146960890e-02 1.848129354858142614e-01 1.765585084734445087e-01 6.087407132063417901e-03 1.269145006576378465e-01 1.971289236762037989e-01 2.362469152909555670e-01 9.975003978765069057e-01 9.650539966630490574e-02 1.094336763816140118e-01 3.037811423322806306e-02 1.959811995729456302e-01 1.788027706724428234e-01 3.874513593442069359e-02 6.284084648832778675e-02 1.349683693984322364e-01 1.078886412827483182e-01 1.013532591506074720e-01 2.390129508195761587e-01 1.766122705281315541e-01 1.226634935977116009e-01 1.088663277952838654e-02 1.611181962104480531e-02 1.803360517913739636e-01 1.950266776730645857e-01 2.589515173253172375e-01 1.708817015406355333e-01 2.397203160599128413e-01 5.825001855249346827e-02 2.790210278695756576e-03 1.735992634374401433e-01 6.618001812721331645e-02 2.465177947518959189e-01 2.365603403870421284e-01 1.266758874052949513e-01 2.086016715080440953e-02 2.190218353675973118e-01 9.257357722554762636e-02 -7.091310817159130267e-03 1.405928158066278300e-01 2.038901984295130865e-01 2.195588108395215565e-01 3.203081505999743062e-01 1.636642755445089636e-01 2.485563565284988341e-01 1.906610298622105071e-01 2.691390772320840785e-01 1.073209305757870657e-01 9.240119627889767373e-02 1.792658631105954470e-01 4.798976287657563677e-02 3.868508688449492222e-02 3.984353077169165702e-02 2.032487802515777764e-01 1.668722568427916664e-01 1.259871862187789127e-01 1.306084353484450178e-01 2.060737333591606824e-01 -3.392302591476159535e-05 1.667777064701691792e-01 4.621390278060191759e-02 -1.997276453817418279e-02 1.994771293379269117e-01 1.403666678257937950e-01
1.733593654908619774e-01 1.770581384492085353e-01 3.133559747497873804e-01 1.701545379428702764e-01 2.333337074845796555e-01 1.317117065844011226e-01 2.138755593107739272e-01 9.650539966630490574e-02 9.974998669005024077e-01 5.662297315956633936e-02 1.215916086123326328e-01 1.417547538635082205e-01 2.991783107536580277e-01 2.748792228234148705e-01 5.367002427082807198e-02 3.463165533040100108e-01 2.196953272919224265e-01 2.476316336956432274e-01 4.439810511016137329e-02 2.828179708455239028e-01 3.774778779653291116e-01 2.617228891057427412e-02 8.369455084098822994e-02 2.821219542455198903e-01 1.301855903142851711e-01 1.217874606985499680e-01 2.051359968022140046e-01 1.528637112498123507e-01 1.632881890331306374e-01 9.612728524314938239e-02 2.666101464804094268e-01 3.279905396850798516e-01 1.849250690918624873e-01 6.950817887136884199e-02 2.015920479930605469e-01 2.232772060241787759e-01 9.776186272776364594e-02 2.421131916255116479e-01 9.387988771189800796e-02 2.136870439142387890e-01 1.269894211696455111e-01 2.715483306269594332e-01 1.688981209104040426e-01 1.062805514994638045e-01 1.162824024005502943e-01 1.554410401916295204e-01 2.112538438229152327e-01 1.992271683655670034e-01 1.795960199047145212e-01 1.244885249386178810e-01 1.590602160452461167e-01 1.353515627598340931e-01 1.667374279809294979e-01 2.160387554820548117e-01 2.826612859628540586e-01 2.768239954620512755e-01 2.048686337425601467e-01 1.189618123689591134e-01 2.614352077153665466e-01 3.117089428228441705e-01 2.269279452981377565e-01 1.235953604731422073e-01 1.095515425170772716e-01 1.225742627009906577e-01
1.014545160826956297e-02 2.499258631930810215e-01 1.562137005180112281e-01 -1.315282464515802989e-02 1.048143939899802146e-01 1.421634294646557661e-01 1.450868835623362885e-01 1.094336763816140118e-01 5.662297315956633936e-02 9.975002033312290184e-01 1.138107853731154806e-01 1.629570537411713649e-01 1.894944505992716688e-01 8.989597751513627583e-03 -6.033501136358134648e-02 1.405815358362431933e-02 6.714298133161498983e-02 1.481559291117986177e-01 1.679594401199564491e-01 1.566282795446545528e-01 1.137155474207460215e-01 1.008265218470284254e-02 1.239320544322707919e-03 1.614672656762394798e-01 1.513643952609013410e-01 2.182007825105121979e-01 1.608418086174907558e-01 2.203908336903240284e-01 7.298692977865881004e-02 -1.300556576310895295e-02 1.567157861221373516e-01 2.082644452476212563e-02 2.522509125390561269e-01 2.724813755124165238e-01 9.264388875924145506e-02 -1.531789001868617654e-03 1.850202994253337951e-01 6.033556969137945925e-02 -2.374601792652755727e-02 1.045360582996145565e-01 1.829717288474601022e-01 1.653787459557878592e-01 2.543023379457040600e-01 5.454599794745038643e-01 2.226171817838135392e-01 1.228013339737298870e-01 1.799128130199186271e-01 1.071139642530896385e-01 7.078792762879640432e-02 1.409036387652365108e-01 3.490326478156518392e-02 1.626390235900344872e-02 1.726295921187973384e-02 1.692884934486293680e-01 1.545591233642444606e-01 9.944724308693331238e-02 3.545107797484680079e-01 1.770879415448906868e-01 -2.419730696086350857e-02 1.537105321923200596e-01 1.364862682377815384e-02 -4.469451259514438390e-02 1.802430308578739371e-01 7.277701553029503057e-02
-2.956309118925469839e-02 1.628469884297905068e-01 1.209910762140281593e-01 -1.529663695609866265e-02 1.006088342407325670e-01 4.411895734965537441e-02 8.807988762466711918e-02 3.037811423322806306e-02 1.215916086123326328e-01 1.138107853731154806e-01 9.974996960036440763e-01 -5.159085379444316999e-02 1.314869166947005286e-01 1.666187471642106149e-02 9.554529007651845277e-03 1.540239487989533695e-01 3.558848416836216111e-02 3.181254261154641827e-01 2.129266391760263610e-02 1.037287851057578092e-01 1.005905415487189647e-01 7.777215734753666065e-02 -4.052977520490277930e-02 1.289713560937791048e-01 -3.831967849076096683e-03 5.116787742548230961e-02 1.003616095762366461e-01 -1.078793579101235481e-02 3.256236654770026107e-01 -2.994848452240127593e-02 8.407920014242832585e-02 5.783653190767319707e-02 4.514624820982804376e-02 1.858555047756800527e-02 4.716391268550212956e-02 7.896252637715737294e-03 6.951796730462000973e-02 5.628657308902769441e-02 -4.687348845260065622e-02 4.427147678525654440e-02 -8.924382885810260013e-03 1.146893463896942744e-01 4.417259698626033876e-02 1.844535599149618177e-01 2.627771231418500608e-02 9.853466073565841921e-02 3.339859803298455415e-02 6.462582217943937946e-02 5.450430473558678240e-02 -1.377952992985497227e-01 2.186381394285454721e-02 1.620506998948373009e-02 2.985936491662830039e-04 8.902389632331214608e-02 1.035577417953257862e-01 1.141613887053103682e-01 1.457395783218519703e-01 3.754709926230655886e-02 -7.167378261886066942e-03 1.032964339298816092e-01 1.138878968485394945e-02 -4.745305763311442881e-02 -8.850476311253521744e-02 -8.290139558678438769e-03
1.293304653400478843e-01 2.750176247331670432e-01 2.387888993893430012e-01 5.785949931340014785e-02 1.651650976159161621e-01 2.396101118465934210e-01 2.386829604562950014e-01 1.959811995729456302e-01 1.417547538635082205e-01 1.629570537411713649e-01 -5.159085379444316999e-02 9.974999777280736390e-01 2.432930212680846083e-01 9.507087033851890912e-02 7.991487511641692798e-02 1.584552306299263080e-01 1.680537082908774571e-01 1.078544970231289091e-01 2.499212352145241400e-01 2.501048547754562978e-01 1.846557526114815662e-01 5.021320562899977621e-03 8.348215383214921403e-02 2.370431151093442823e-01 3.943025805901739234e-01 3.343163053545606944e-01 2.472448036229780433e-01 4.755515110858509753e-01 2.870565723231996783e-02 5.364982129117520926e-02 2.706961226883916605e-01 1.069366015276168314e-01 4.865679172161210264e-01 3.580769993311652688e-01 1.785946602310840847e-01 6.416834878450122792e-02 2.578998414537572170e-01 1.411982018007911510e-01 4.857100900122658660e-02 2.364945900975620463e-01 3.883363349358592287e-01 2.821944138899864507e-01 4.238956588595955144e-01 2.426516905297593230e-01 3.898654323712252290e-01 1.649041470070060078e-01 4.237540190304239229e-01 1.530158357664568314e-01 1.339987581872594258e-01 5.203661123480459727e-01 8.433117100413355105e-02 6.555536711100924674e-02 9.575939231102245652e-02 2.841808308208327860e-01 2.375804482975724663e-01 1.659330495497343128e-01 1.741303528476243201e-01 2.869500598474487019e-01 5.184829640991286959e-02 2.399274381830832914e-01 9.020705896827026227e-02 2.542210214317375608e-02 4.406567425206721622e-01 2.738636665763681810e-01
8.271620396598508562e-02 2.863631626425419685e-01 5.905129769392248873e-01 5.464361436026218821e-02 3.635335429712756028e-01 2.377718637187043460e-01 3.944607133052421832e-01 1.788027706724428234e-01 2.991783107536580277e-01 1.894944505992716688e-01 1.314869166947005286e-01 2.432930212680846083e-01 9.974997103765049777e-01 1.592272664337328336e-01 5.045600085810451191e-02 3.975329345864304087e-01 1.956988234864959209e-01 3.371072293794015184e-01 1.699073994522038999e-01 5.876965482601653745e-01 2.898844113883898843e-01 3.209758712857671559e-02 3.100933509121363285e-03 6.219577196135787078e-01 2.148054653752662357e-01 2.949316865006622046e-01 4.469930997695866770e-01 2.628555415767576120e-01 2.127254548673005452e-01 2.031876980896377832e-02 5.387611343498126537e-01 2.364503695134055894e-01 3.219287448839980303e-01 2.366761387542277717e-01 3.318153266281402280e-01 9.390814260311364237e-02 2.876126176670861789e-01 2.287618868260754557e-01 -3.359231014939229043e-02 2.560677815038485128e-01 2.258351703078514960e-01 5.284261915857922931e-01 3.142324848509316371e-01 2.315681389154738423e-01 2.544706108231664654e-01 2.806071750715187219e-01 3.182292762177719725e-01 2.631506978868111690e-01 2.135596117743076838e-01 2.002644750908100513e-01 1.223227658353573249e-01 7.574010060080735296e-02 1.260410231447077201e-01 3.987193942788679890e-01 6.087186273140412496e-01 3.908605470469491694e-01 4.216739459361196762e-01 2.446349728680698721e-01 6.628996253159533114e-02 6.407946879504058391e-01 1.091060724105831908e-01 -2.817787822511913509e-02 2.317794583847238021e-01 1.471334654450624779e-01
4.918061784161193994e-01 1.425561226323341160e-02 1.554967856845969054e-01 6.114986335368718384e-01 2.551614303438762277e-01 2.198115776793321124e-02 1.023637445736830243e-01 3.874513593442069359e-02 2.748792228234148705e-01 8.989597751513627583e-03 1.666187471642106149e-02 9.507087033851890912e-02 1.592272664337328336e-01 9.974997457378249610e-01 7.137381386524674354e-02 9.254214853886118253e-02 2.027810188213617082e-01 9.437318172529431115e-02 -5.806485588709390383e-02 2.099512510993945535e-01 1.105225478639842995e-01 9.816288721408172185e-03 3.852773174941386269e-01 1.045977545658762775e-01 8.633877266576520104e-02 -4.083879867958983140e-02 3.915129669887353059e-02 1.082879252544506343e-01 5.018379164387374441e-02 4.289509325398016548e-01 1.856344034161412360e-01 3.072731099163085178e-01 8.382800874274798364e-02 -4.897662486173932905e-02 2.902053988132494156e-01 4.521179761475106473e-01 -1.333593285277639429e-01 1.616122286066610236e-01 3.775018451065859648e-01 1.517520904952662231e-01 8.304190741039954582e-02 1.119748192587799729e-01 6.840835705883765994e-02 1.723001954234084504e-02 1.165037108842597625e-02 4.517084782201626764e-02 1.145509272457341798e-01 1.245309603897910566e-01 6.732197067898940124e-02 1.289935892187215605e-01 2.269100874601191753e-01 1.332985165229185753e-01 5.225910090624750204e-01 1.286278770530328852e-01 1.635825917487364056e-01 1.006268864782942640e-01 8.697818842632475123e-02 1.181287146767497770e-02 5.769503556000732392e-01 2.078049801920419382e-01 2.942009849078891515e-01 3.785598357110657175e-01 5.995290118883925962e-02 1.630858907959283899e-01
9.308179545644221231e-02 3.436273044427740758e-02 5.492627263382111880e-02 6.715385448705479821e-02 4.270049779886081476e-02 6.311627730257610147e-02 5.087615311097079540e-02 6.284084648832778675e-02 5.367002427082807198e-02 -6.033501136358134648e-02 9.554529007651845277e-03 7.991487511641692798e-02 5.045600085810451191e-02 7.137381386524674354e-02 9.975000225898890127e-01 5.160664043111160004e-02 9.144429755230057411e-02 3.723066690872788020e-02 3.443267243403416028e-02 5.555096798778298012e-02 3.908764749053783571e-02 5.568948136006953570e-02 8.837295557323118778e-02 4.674804326687434508e-02 1.025075883777308294e-01 5.322029097524445806e-02 3.635959511413872774e-02 8.709293952953164886e-02 7.006357041473944280e-02 6.517599004641018434e-02 5.583106269985689540e-02 5.253684323404538004e-02 6.926612998259007448e-02 4.555572851516829364e-02 5.430477140917444601e-02 5.923330379207105562e-02 3.015265756350962029e-02 4.977727910497972696e-02 6.624731354611161638e-02 6.473836625612169882e-02 9.233264056034770628e-02 5.660307485848013742e-02 7.147917558257549375e-02 3.989962042180340493e-03 6.297352379819781687e-02 3.357221195655560320e-02 8.576146642469972825e-02 4.024277604871544234e-02 3.868317958160785025e-02 7.532885021742519172e-02 4.468910394863904317e-02 3.880014056759451685e-02 6.332812951544612712e-02 5.579440942502544853e-02 5.086259679204910983e-02 4.022227605539414885e-02 1.639065699550787403e-02 5.278768131011443016e-02 6.914043075624511092e-02 5.429196497957447520e-02 6.099800159468077299e-02 6.659256588097389740e-02 6.747958684991556266e-02 3.037916933744150838e-01
1.725582477550825430e-02 2.162462955289263244e-01 3.441197085571893188e-01 -1.356604968061585897e-02 2.617694673451053666e-01 1.938716698469558075e-01 3.250168466236924014e-01 1.349683693984322364e-01 3.463165533040100108e-01 1.405815358362431933e-02 1.540239487989533695e-01 1.584552306299263080e-01 3.975329345864304087e-01 9.254214853886118253e-02 5.160664043111160004e-02 9.975001416138292720e-01 1.900058264547976605e-01 3.372311224235559068e-01 1.075673297774740050e-01 3.329908167793064755e-01 2.937980396560961882e-01 4.377167640931890757e-02 -1.036956125596096012e-01 5.078908085425327679e-01 1.447547352459853109e-01 2.200168652954538340e-01 3.841408673065605517e-01 1.610610754156953373e-01 3.059884315343179284e-01 -6.499064709073210100e-02 2.989144524416903481e-01 2.602428092434147522e-01 2.160875429944808523e-01 1.368438219259358879e-01 1.745647877854059060e-01 7.142049309476974916e-02 2.416351663781941828e-01 2.656199461375551296e-01 -9.874142877326665124e-02 2.505188934787982435e-01 1.390351504099403002e-01 4.676608070358040936e-01 2.128718594835504463e-01 1.204929018065950957e-01 1.672702962866335075e-01 2.866903337728445855e-01 2.360302739303364872e-01 2.400903211414708305e-01 2.491263070034820670e-01 1.139432209933596701e-01 1.069503322154233688e-01 1.040542605279929089e-01 4.191751244427177614e-02 3.041450959271135845e-01 3.419713023680830410e-01 5.290126575471190140e-01 2.915829771856983665e-01 1.822597247483683236e-01 3.273494664657267128e-02 3.310294102230163515e-01 9.880355842630697549e-02 -5.734645799533634458e-02 1.290402848019922000e-01 8.832857230409506266e-02
1.742314953934917532e-01 1.211965919639383799e-01 1.838279451201200176e-01 1.179812249976710803e-01 1.800819672895831169e-01 3.103732069494846146e-01 1.964677385919698649e-01 1.078886412827483182e-01 2.196953272919224265e-01 6.714298133161498983e-02 3.558848416836216111e-02 1.680537082908774571e-01 1.956988234864959209e-01 2.027810188213617082e-01 9.144429755230057411e-02 1.900058264547976605e-01 9.975004292821998408e-01 1.280311535703229642e-01 7.580656013156961137e-02 1.852124122951027130e-01 1.403904201356411530e-01 1.478503477384197906e-02 6.897681457336378441e-02 1.986239949778705050e-01 1.771808739695401591e-01 1.876440791354654913e-01 1.360891557289288234e-01 1.779255028920692649e-01 7.856555557524820543e-02 3.627764514762060744e-02 1.773283769204585802e-01 3.566599135882349003e-01 1.769426749278740774e-01 1.247484338834371764e-01 1.349934547969643406e-01 2.958427261621732196e-01 1.529195294470414024e-01 4.454504030705673800e-01 1.014620752629068340e-01 3.903968012327845294e-01 1.580679072136205732e-01 2.044982271609995794e-01 1.863810736915688659e-01 9.223568115586894267e-02 1.507331340640940265e-01 1.197032253520096817e-01 2.309185605165735011e-01 2.987434110615719285e-01 3.776430967562559582e-01 1.598439018264525280e-01 3.037550570902354252e-01 3.672996997617278825e-01 1.109945887369226114e-01 1.784443305321861961e-01 1.846512382768549787e-01 2.687806270321968505e-01 1.711871201004404319e-01 1.884153232935872058e-01 2.238829230259497538e-01 1.861803686179337447e-01 3.566438644911061329e-01 1.490555466005666907e-01 1.434109196393809071e-01 2.183339751932382722e-01
2.690432545662519229e-02 1.956265545182054588e-01 2.776948194926642244e-01 1.814422744766094192e-02 2.897682812307817990e-01 1.421997821940555184e-01 2.354325661635318090e-01 1.013532591506074720e-01 2.476316336956432274e-01 1.481559291117986177e-01 3.181254261154641827e-01 1.078544970231289091e-01 3.371072293794015184e-01 9.437318172529431115e-02 3.723066690872788020e-02 3.372311224235559068e-01 1.280311535703229642e-01 9.975001530243291503e-01 9.066128428099670677e-02 2.821484797698247116e-01 1.908650998692725254e-01 5.743219308202966722e-02 -2.812562616649805572e-02 3.154333910435812016e-01 1.091130699520110742e-01 1.705468286947454948e-01 2.533068105938593995e-01 1.294265452064616850e-01 3.736636923054797443e-01 -1.466911386115141158e-02 2.448442718574177501e-01 1.744454575866360158e-01 1.797577974289601144e-01 1.233153286907300583e-01 1.544278239967163957e-01 5.949366899436991929e-02 1.746540556301419411e-01 1.647992057588492099e-01 -4.662038016708103250e-02 1.636333922146239184e-01 1.104071562690784047e-01 2.986896493854065970e-01 1.765822119900921638e-01 1.872198429380785845e-01 1.370903671698116277e-01 1.759889417920719734e-01 1.720439735072478993e-01 1.790360439073347687e-01 1.499080482759734267e-01 5.955741069742455374e-02 8.149472172431017347e-02 6.271509239960332271e-02 5.705327531731506363e-02 2.643618383235526448e-01 2.686058467871402788e-01 2.738668331851333293e-01 3.659606701100193149e-01 1.421151922969536296e-01 3.340176205054777581e-02 2.722630441148407021e-01 6.592094417042920762e-02 -5.142667304768537562e-02 8.174310949850935315e-02 7.175139734192839680e-02
-2.791205801820281773e-02 2.735675653516220218e-01 1.656605335460754336e-01 -7.607680122988774718e-02 9.895498283993454935e-02 2.542388993384162577e-01 2.099021139218390786e-01 2.390129508195761587e-01 4.439810511016137329e-02 1.679594401199564491e-01 2.129266391760263610e-02 2.499212352145241400e-01 1.699073994522038999e-01 -5.806485588709390383e-02 3.443267243403416028e-02 1.075673297774740050e-01 7.580656013156961137e-02 9.066128428099670677e-02 9.974999733576374039e-01 1.654776203889394559e-01 1.314213434944691838e-01 7.175756578334478546e-03 -2.915560417580931318e-02 1.721402330575828032e-01 2.541601666846466934e-01 4.123335172697920048e-01 1.908123720990794192e-01 3.121834682025761976e-01 4.083641245188584373e-02 -5.633137513999213891e-02 1.743266243672345894e-01 -3.973823308855900516e-02 3.249272571786381292e-01 4.997840575874498148e-01 8.988908358268360432e-02 -6.408795692471505601e-02 3.634447806927948998e-01 4.385160765489269641e-02 -6.702974596761394899e-02 1.281892465561467187e-01 2.904575644112864508e-01 2.182230781296554123e-01 3.558693321173043711e-01 2.269892885232707991e-01 5.254103368822703457e-01 1.447308554593847718e-01 2.549361919261167730e-01 9.289050057182399178e-02 7.336670658792716904e-02 2.234815696242646865e-01 8.887216935320444225e-03 2.627458531799681599e-03 -2.455046525386169951e-02 2.211561814397753900e-01 1.608536631302810438e-01 8.885671530934134699e-02 1.327434460886123824e-01 3.080241810010722059e-01 -1.177991460024785803e-01 1.545009767581076998e-01 -1.928482887651663744e-02 -1.012272255188068626e-01 3.042496268629524825e-01 1.381549734308029631e-01
1.226588295312452948e-01 2.761310941407537634e-01 5.282455163761585748e-01 1.028137405517282887e-01 4.717233396537185985e-01 2.263389519896462088e-01 3.850177818068960534e-01 1.766122705281315541e-01 2.828179708455239028e-01 1.566282795446545528e-01 1.037287851057578092e-01 2.501048547754562978e-01 5.876965482601653745e-01 2.099512510993945535e-01 5.555096798778298012e-02 3.329908167793064755e-01 1.852124122951027130e-01 2.821484797698247116e-01 1.654776203889394559e-01 9.975001731584385301e-01 2.710600454652849489e-01 2.702558597886197539e-02 5.073188435968450927e-02 4.686020685399787111e-01 2.179071646938617046e-01 2.842695955102114702e-01 3.851116297392151999e-01 2.719576606627837623e-01 1.761511839043339855e-01 7.877184402845284483e-02 6.453800419794495369e-01 2.320238676734996952e-01 3.303211179518507623e-01 2.345451603087198023e-01 4.550420313235596370e-01 1.145603257030162886e-01 2.602150105722360052e-01 2.011557627847064822e-01 9.144679420536391476e-03 2.368289998600013602e-01 2.334794453224832422e-01 4.955078808015074832e-01 3.184383681956315382e-01 2.124269849224940110e-01 2.535797891700848905e-01 2.382914148976161828e-01 3.107955588610722963e-01 2.368145899018678779e-01 1.807115923597376050e-01 2.142356938986176573e-01 1.231285785662912247e-01 5.703197037302514677e-02 1.871376694710646382e-01 4.221156975279666823e-01 5.756206310037248475e-01 3.173191771757689073e-01 3.134534430719870257e-01 2.393491789993178187e-01 9.887126564713791255e-02 6.337931199749874400e-01 1.140470958679862118e-01 -4.131812114244577672e-03 2.462578844025898328e-01 1.585912575652172751e-01
6.538146018857068920e-02 3.613352378072064441e-01 3.145626629662148233e-01 4.493591349644573962e-02 1.905114505700373773e-01 1.622208422996928856e-01 2.228474733237133243e-01 1.226634935977116009e-01 3.774778779653291116e-01 1.137155474207460215e-01 1.005905415487189647e-01 1.846557526114815662e-01 2.898844113883898843e-01 1.105225478639842995e-01 3.908764749053783571e-02 2.937980396560961882e-01 1.403904201356411530e-01 1.908650998692725254e-01 1.314213434944691838e-01 2.710600454652849489e-01 9.975004054096265893e-01 2.134708493529944434e-02 1.236585192117238899e-02 2.764908669814581943e-01 1.625758304262724385e-01 2.069228170990686233e-01 2.310403167079660147e-01 2.105377427931391654e-01 1.346253779580254828e-01 1.622538157501870332e-02 2.671701294386235603e-01 1.636132048739187272e-01 2.927357541396620189e-01 1.812454186685596158e-01 1.671428801256818475e-01 7.821393999637585304e-02 1.897889644628827643e-01 1.537727215900787370e-01 -3.635454401515151191e-03 1.703583585369465303e-01 1.785373582940380510e-01 2.787309472868383931e-01 2.456134134987187356e-01 1.892674158508845239e-01 2.052912922353900826e-01 1.641953993933690792e-01 2.208577508486606333e-01 1.567490077461833053e-01 1.363623360391550687e-01 1.566007388382246734e-01 8.462555688467984782e-02 6.601977909496137276e-02 7.626165414443898671e-02 2.364808370034215124e-01 3.014864086084282357e-01 2.263847927951227468e-01 1.945295643646642036e-01 1.727593373358791151e-01 6.832165693747570268e-02 2.810368036698195904e-01 9.174901644050226235e-02 -7.830364548373356520e-03 1.689637446854160285e-01 1.120117831134254810e-01
3.521938468366361819e-03 2.316382370334357094e-02 3.313018176724583791e-02 2.733179718601640509e-03 2.354282456100416712e-02 1.410201031713143038e-02 2.312523190661435954e-02 1.088663277952838654e-02 2.617228891057427412e-02 1.008265218470284254e-02 7.777215734753666065e-02 5.021320562899977621e-03 3.209758712857671559e-02 9.816288721408172185e-03 5.568948136006953570e-02 4.377167640931890757e-02 1.478503477384197906e-02 5.743219308202966722e-02 7.175756578334478546e-03 2.702558597886197539e-02 2.134708493529944434e-02 9.975002399897598959e-01 -1.472211395610270850e-03 3.219210242598979921e-02 9.906479779488315193e-03 1.498302532886191737e-02 2.466077011904729138e-02 8.783815855395072855e-03 1.309859584406434796e-01 -5.036972876685979258e-04 2.370328125640196529e-02 1.744907052515168311e-02 1.535202878045241470e-02 8.312624323025952569e-03 1.505345480776786038e-02 6.945309943629851546e-03 1.615924760094551021e-02 1.682515124955512309e-02 -3.501882960798207052e-03 1.611427296929449082e-02 8.245293930658197101e-03 3.015649746056799085e-02 1.519641421669094307e-02 2.286751874118062716e-02 1.111721579570039767e-02 2.031287765090533312e-02 1.627185783893752777e-02 1.694592801067830098e-02 1.534635613191662890e-02 -5.386847481950189989e-03 8.474123743854910032e-03 6.999071567797087931e-03 6.003240382712778100e-03 2.318557421916273009e-02 2.678664998513202722e-02 2.932064422303846257e-02 2.792563696648903485e-02 1.248929300040738967e-02 4.871489300727622172e-03 2.702206154129400961e-02 7.963946545585767062e-03 -2.623474213059632208e-03 -3.018280439630152082e-03 1.848949743487536893e-02
4.439927046391559662e-01 -3.027571460279298438e-02 2.047682604033924242e-02 5.298063451200465401e-01 3.027592848779373999e-02 -2.435204663490268470e-02 -1.998000605472742899e-02 1.611181962104480531e-02 8.369455084098822994e-02 1.239320544322707919e-03 -4.052977520490277930e-02 8.348215383214921403e-02 3.100933509121363285e-03 3.852773174941386269e-01 8.837295557323118778e-02 -1.036956125596096012e-01 6.897681457336378441e-02 -2.812562616649805572e-02 -2.915560417580931318e-02 5.073188435968450927e-02 1.236585192117238899e-02 -1.472211395610270850e-03 9.974997348116408924e-01 -5.831164465694001209e-02 9.125322145769858284e-02 -5.753984945612869439e-02 -7.481968493163923539e-02 1.320977161988432513e-01 -3.513825101542530915e-02 5.735628594471210429e-01 5.656486119279806324e-02 4.839593926990636008e-02 5.767726052542707094e-02 -1.184401618632826766e-02 1.802845378183351999e-01 2.618430820643701251e-01 -1.651135575232761110e-01 -6.135228856528272823e-02 5.245848491524860435e-01 1.051096867226168630e-02 1.104100812456597913e-01 -3.117965315868243339e-02 4.634288621093979321e-02 7.394088760633542312e-03 2.082316306663364522e-02 -2.602424512302994875e-02 6.318362163377896912e-02 -3.117102419371005351e-02 -9.045761863416162951e-02 1.277105607712644975e-01 1.041019589393082090e-01 2.102144157156222298e-02 3.827208208339460405e-01 2.547787985744521047e-02 2.197716215891110103e-02 -1.107552064118260682e-01 -3.099355731089326743e-02 -1.418356343441805160e-02 3.944538560900323620e-01 5.066240842994591820e-02 1.903225956279506192e-01 4.024888567720666943e-01 7.189058214021959436e-02 2.528617578098993346e-01
3.301006093384923484e-02 2.834762148818036342e-01 4.619209791405193832e-01 -1.704596771223195611e-03 3.208554895181684463e-01 2.504668238955621296e-01 4.095938917785262867e-01 1.803360517913739636e-01 2.821219542455198903e-01 1.614672656762394798e-01 1.289713560937791048e-01 2.370431151093442823e-01 6.219577196135787078e-01 1.045977545658762775e-01 4.674804326687434508e-02 5.078908085425327679e-01 1.986239949778705050e-01 3.154333910435812016e-01 1.721402330575828032e-01 4.686020685399787111e-01 2.764908669814581943e-01 3.219210242598979921e-02 -5.831164465694001209e-02 9.974993682493634717e-01 2.080439273292283009e-01 3.082097253645842416e-01 5.888769025833929804e-01 2.475565555975312027e-01 2.159514961008995315e-01 -4.163382435986943964e-02 4.291109907656656119e-01 2.470749847958907397e-01 3.078572679099262355e-01 2.321513762407149684e-01 2.537165125958283363e-01 5.973202308059549770e-02 3.237611919099716018e-01 2.567091006655923824e-01 -1.006251217935487663e-01 2.753612095538804372e-01 2.139054766042277900e-01 5.971485423483423594e-01 3.062873163066477944e-01 2.166177201766759097e-01 2.511013854337630913e-01 3.218721225792342544e-01 3.128707488818987525e-01 2.743226964662017764e-01 2.506076888983376771e-01 1.870239229319617114e-01 1.090243052094009568e-01 7.327326115642537885e-02 7.048069692288005950e-02 4.020534272491104177e-01 5.069506675388463224e-01 5.134085816800562085e-01 4.110335316554736829e-01 2.511026383424073694e-01 1.807697848440197735e-02 4.762399033783705216e-01 9.157541319975817662e-02 -7.122931223365355780e-02 2.189304337132268186e-01 1.303705706980200774e-01
