9.974998522329509010e-01 -8.611218604485199003e-04 2.080366388904864028e-02 2.669150278548989008e-01 9.239858668529539465e-02 -1.242222542474871738e-01 -6.661807456918911186e-02 -1.370884351328484907e-01 2.430295158137195377e-01 -2.493149587336728965e-02 7.407775193588087004e-02 8.471024810276669287e-03 -3.572529340551411359e-04 3.376294160557247181e-01 9.623419399347900305e-02 8.154219754200017767e-02 -2.581120525204440991e-02 8.499764965744660561e-02 -2.296356566434866187e-01 2.715421285511141619e-02 5.382993554339663561e-03 1.440994192341316926e-01 5.260980075953842344e-02 -2.281065458814340863e-02 -3.979615276096016424e-02 -2.459232818975192192e-01 -6.818711223557965412e-03 -4.363408530286351505e-02 2.241355242936827336e-02 2.303217918385326926e-02 -2.455298595793841548e-02 3.440424929384796604e-01 -8.709545694542031313e-02 -5.228195937645099822e-02 -9.918816071719014846e-03 3.420155875580019877e-01 -1.996166597885731253e-01 1.727666651610901827e-01 3.395895070253396875e-01 -1.831315688886678283e-02 -5.435275012198152733e-02 4.581782125227994162e-03 -1.387109791446395901e-01 -2.360624738936850046e-03 -8.088626806018875404e-02 1.361340701091445782e-02 9.999922798110700423e-03 1.011038822175410745e-01 1.645243624357407564e-01 -1.865136562914639778e-02 3.116284892570890253e-01 2.359012209471956778e-01 2.309931558501256421e-01 1.296675872735657820e-01 -9.341634576067989193e-02 8.050644905710149790e-02 1.238900228176428864e-01 7.813091924693125329e-03 3.515470523712156958e-01 -1.953999834469908638e-03 1.520314084421295342e-01 3.979032058974514285e-01 -1.934773587767020520e-02 5.184189992298462654e-03
-8.611218604485199003e-04 9.975002950484017639e-01 5.451389743222722142e-03 3.455831716359113875e-03 8.926830611367571333e-03 1.704797657764827584e-02 1.180977890672919688e-02 1.538569395819106359e-02 -5.206704385202609760e-03 6.838231598809670075e-02 1.392772214381441352e-02 2.016674508562233889e-02 5.012548007490135599e-03 3.867585570449240569e-03 -1.090671100478267201e-02 9.770321318803759647e-03 2.776037185705373944e-02 1.722222335996487913e-02 1.437555541119812583e-02 1.254545020314057346e-02 3.512004691378333571e-02 9.226895810131956893e-03 2.081841366772896416e-03 7.334318734000873363e-03 1.465003065161827114e-02 1.413919998442052760e-02 4.604770827938825355e-03 2.190622294787079524e-02 6.882972423816175953e-03 -1.048810826352786609e-03 6.216614954015669062e-03 4.496620967495121995e-03 2.105540941862242554e-02 6.644291960018416932e-02 6.618495305834166433e-03 7.128553444081183431e-03 2.373452615769880425e-02 1.062767724881118550e-02 8.627521667145844619e-04 1.213583669340449755e-02 1.189163252591623338e-02 1.178600446040365020e-02 1.707006302915473062e-02 1.229568112416013076e-01 2.672908068371412926e-02 3.733286229560718247e-03 7.719884447274184824e-02 1.263012377879066048e-02 8.555226613123290830e-03 1.654246375387419254e-02 9.898547774861649398e-03 4.935603855192071884e-03 6.581497920905234403e-03 6.170352249462024430e-03 6.550507872824011535e-03 4.867500372496296260e-03 2.510481048291238540e-02 1.853661411382303420e-02 3.561031641468041971e-03 3.430866683476381258e-03 5.228110619754825807e-03 2.457644463918553894e-03 2.953740740408962104e-02 3.392125474612034744e-03
2.080366388904864028e-02 5.451389743222722142e-03 9.975001555662033059e-01 6.299800920408835103e-02 1.497683525279742411e-01 4.652855904377965757e-02 4.960606736115516502e-02 -1.642478553488746149e-02 9.457171420753497648e-02 2.910732153672273420e-02 1.678094109795682035e-02 -2.037951290932590170e-03 5.159500167645463264e-01 9.045352185402180667e-02 -3.934344923505797564e-02 2.200050875786239701e-01 2.470669697471745280e-02 4.068000198197496697e-01 -2.106815074865433374e-02 1.658589013943394530e-01 -9.352642318712146852e-02 1.153964097741357053e-01 5.187418577664748565e-03 3.912822676092510554e-01 1.965967205320449766e-03 8.395788058780179891e-03 1.854379371615492156e-01 -1.638424584230445402e-02 6.384930964756798666e-01 -3.374247193457357435e-02 2.554900115583801368e-01 4.891314238074835619e-02 5.111422401055582682e-02 1.705500166146047686e-02 2.427517542854336907e-01 9.815518728321946662e-02 5.129445872445857584e-03 -5.171511825481487148e-03 4.130376670654195559e-02 9.786163858729997334e-02 -1.567600037947584554e-02 1.454962836340928656e-01 5.375073273701839321e-02 4.875611082801573765e-02 -4.854558617361727849e-03 4.842007818121369378e-01 4.274114757560994182e-02 2.817776005231136666e-02 1.792807160549237527e-02 -5.082658132500843251e-02 8.893713660917915154e-02 4.101198763986135115e-03 8.792825007805130100e-02 1.003006045833069598e-01 3.229313950996709481e-01 1.771381828026060701e-01 1.760694209319969838e-01 1.011666808598622180e-01 5.335758095528914807e-02 5.145968880593020378e-01 4.282060907951275308e-02 2.843224405643661121e-02 -3.842294402052169339e-04 -1.071861364482483078e-02
2.669150278548989008e-01 3.455831716359113875e-03 6.299800920408835103e-02 9.975002203753901009e-01 2.713461114826865028e-01 -4.829701006558736326e-02 -2.464272193791522403e-02 -8.586030161938978944e-02 1.264961173451752408e-01 3.702553213501374486e-03 6.325347049856162862e-02 -1.264804459250693696e-03 6.558956924796584265e-02 6.485603237222360429e-01 5.614225978840083758e-02 4.656557970413959663e-02 -3.293343933381717714e-02 1.581505887046719683e-01 -1.493814618483091383e-01 7.940169085632209356e-02 -1.302462431630335010e-02 2.358274589071837901e-01 9.330905904435182752e-02 2.814193172867095888e-02 -2.424948197604615344e-02 -1.198485953400841575e-01 -5.785230094153529651e-02 -2.722281513381825252e-02 6.924645685046346144e-02 4.965752913214028369e-02 3.650684231271849461e-02 1.084677604226391284e-01 -4.646722785202409001e-02 -1.046195864871627204e-02 5.516958427149624283e-02 2.307086621170690577e-01 -9.686858814118207150e-02 2.764799898638142794e-02 3.889757904904170283e-01 -4.673543058607913803e-02 -3.641532148328195662e-02 1.291233908413701517e-02 -5.527924486349289346e-02 2.552759892941902989e-02 -2.831640163798404553e-02 3.992161183868551261e-02 1.996667222316140383e-02 1.353172406561821764e-02 3.441704103790215602e-02 -3.281613003491301583e-02 1.374542122766206631e-01 2.147646494710558213e-02 2.950666022276766109e-01 1.638113589234295175e-01 1.577474222897893436e-03 2.482099535748489086e-02 6.605727517038403884e-02 4.185850568328575161e-02 3.555353755267387506e-01 4.563907892950104517e-02 1.214520964429068317e-01 1.323833811295791751e-01 -1.231509793451412982e-02 9.586780968889128257e-03
9.239858668529539465e-02 8.926830611367571333e-03 1.497683525279742411e-01 2.713461114826865028e-01 9.975003039756475953e-01 1.809832002538023371e-02 2.897325258284831617e-02 -3.610317304150075651e-02 5.508010626322749903e-02 2.497410392939536719e-02 3.105648624825695092e-02 -3.620476347095046791e-03 1.781052277599315392e-01 3.269832709432558548e-01 7.768744917075026332e-03 7.952461010117220508e-02 -9.698250439196351869e-04 3.221434068471277223e-01 -6.331573142435434343e-02 2.552587035405751714e-01 -3.339834321808202861e-02 1.916188089096082792e-01 6.172722483937662097e-02 1.348936781545725105e-01 -1.177923202371127138e-02 -2.366906180145253100e-02 6.181178470651058077e-02 -1.394828900579887093e-02 1.672706430773019948e-01 1.847454170836058951e-02 1.411237647047960952e-01 1.735070812986075003e-02 2.989573783832764897e-02 1.443319350363507850e-02 1.357670924578393001e-01 1.228650545001830491e-01 -1.913476294566545527e-02 -2.932686665444137614e-02 1.353759600284014097e-01 5.776162025831754060e-02 -2.171012883927228576e-02 6.847932016874670735e-02 3.116240479173907479e-02 4.841406425292962834e-02 -7.285465320260971905e-03 9.467126665496304605e-02 6.132467486687583069e-02 7.871193315964093717e-03 5.924273417446532936e-03 -4.273225255001679435e-02 6.322899373584975335e-02 -8.397987614525526112e-02 1.945927439124821023e-01 1.440837087423982865e-01 1.175365601200354382e-01 7.820292609482409896e-02 9.521580010093018409e-02 8.291466258819496504e-02 1.443644606932716901e-01 1.326661730399394390e-01 5.199719451302245443e-02 -5.440346331874490980e-03 -3.696629328214947729e-03 3.797157423927568186e-03
-1.242222542474871738e-01 1.704797657764827584e-02 4.652855904377965757e-02 -4.829701006558736326e-02 1.809832002538023371e-02 9.974999932318127094e-01 2.452866392957327446e-01 1.458883113800286957e-01 -2.065555142499603258e-02 4.983888455381143417e-02 -4.634691378225920533e-02 3.393994416953829280e-02 5.446689330084658609e-02 -5.773243351004568591e-02 -2.081440054567443992e-02 5.473883537661342752e-02 1.748269175760268634e-01 4.535569110114614361e-02 1.737636054310149059e-01 1.102475245229587869e-01 7.821710049698046840e-03 -3.001047637009326280e-02 1.818013591807061610e-02 9.333970056723184250e-02 1.300958859970247072e-01 2.705171727487150624e-01 1.108115316489571150e-01 6.014788167072498276e-02 5.387477595426183596e-02 -7.618388624392631592e-04 1.041093941257281857e-01 -4.704047392056089072e-02 1.639611042690362896e-01 1.034848612424499464e-01 8.092456476179522851e-02 -3.455753922797701744e-02 2.664702764744325547e-01 1.623147500035899277e-02 -5.467659983484925157e-02 2.198085835582210823e-01 7.954133057256598804e-02 1.113467218765023109e-01 1.299393052823371864e-01 6.474887781689835087e-02 1.380651798244451889e-01 2.897780890790595948e-02 8.604395683826616958e-02 6.078690797400765344e-02 4.182500099204840976e-02 7.065419389084273694e-02 -1.805593527181185987e-02 -1.282371110093573179e-02 -5.648046343957432297e-03 2.208718927266705573e-02 1.000960624815541156e-01 6.720511779910789962e-02 6.465645852258902759e-02 1.852361285147119674e-01 -5.090495822357629652e-02 6.077599265769877135e-02 2.764049279082106750e-02 -5.255910709686220650e-02 6.618249926570320130e-02 2.637383630638538701e-02
-6.661807456918911186e-02 1.180977890672919688e-02 4.960606736115516502e-02 -2.464272193791522403e-02 2.897325258284831617e-02 2.452866392957327446e-01 9.974997996723380389e-01 2.098467003522871688e-01 2.033029970408294952e-04 1.589727928154373304e-02 -1.142301997140995340e-01 3.682318862477894361e-02 5.296735116591464593e-02 -2.807002642726797240e-02 -1.708872448344736159e-02 7.136113079824578376e-02 6.841092573054478876e-02 3.008973422825036992e-02 2.125054956423450547e-01 1.512064170082280667e-01 4.615608761736647581e-02 -4.114082490048483892e-02 -1.986674193323440668e-02 1.204349661417707384e-01 7.389595691566298863e-02 1.210955329140862013e-01 1.046644564090308815e-01 6.824828908964319929e-02 5.954194323064777861e-02 -1.597768261630564540e-02 1.101738116294071479e-01 -2.501828866938399579e-02 1.260019617326939290e-01 7.353934155257813021e-02 9.123858505104502636e-02 -2.891653149625836652e-02 1.583794489712457010e-01 1.705344187179123200e-02 -3.491668611562584457e-02 1.473234515377889742e-01 9.396898166321682178e-02 2.294901128604476814e-01 7.048675868076827167e-02 2.021535134360061270e-02 9.948676099397196770e-02 3.111226064786555556e-02 6.678777926561742240e-02 4.634251929440405537e-02 3.387217766302768468e-02 6.849861422881797779e-02 -8.301930853668357257e-03 -1.111632959924979853e-02 1.144155226960908052e-02 2.729447256772614405e-02 1.113611759734134954e-01 8.579589069812953994e-02 4.658658335237554626e-02 5.887562565809373316e-02 -9.406351219407600023e-03 6.801575839843972127e-02 1.277729508869730191e-01 -4.452146313210690598e-02 1.175620391414358562e-01 1.723100419551508791e-02
-1.370884351328484907e-01 1.538569395819106359e-02 -1.642478553488746149e-02 -8.586030161938978944e-02 -3.610317304150075651e-02 1.458883113800286957e-01 2.098467003522871688e-01 9.975001775214370481e-01 -4.601322895959689130e-02 3.285666375367292391e-02 -1.524182012810233189e-01 5.704032987239877894e-02 -2.411059721876585363e-02 -1.122694004036396825e-01 -2.870939296122193563e-02 1.985163406445265323e-03 8.609612799576253639e-02 -5.809689829111723547e-02 4.707022296842806042e-01 3.198987751854071027e-02 5.292724434064964567e-02 -1.122485534461077905e-01 -1.324628777471335839e-02 1.443513867308482412e-02 1.878500807350828583e-01 2.059858113395659218e-01 1.781232870317761216e-02 2.404082287714184307e-01 -1.679101486306099761e-02 8.763066459440546282e-04 3.092484617176826170e-02 -7.952413823101001089e-02 1.416043187424098904e-01 1.525311254530685168e-01 1.529706914767102119e-02 -1.350449504689381630e-01 3.103059092258030893e-01 1.250813810714295621e-02 -1.014474248553564745e-01 6.971434301068683836e-02 3.431718934510339380e-01 6.063602952194079021e-02 9.281377255745698607e-02 3.388286864282407523e-02 2.703653653881458174e-01 -1.037521112444746846e-02 6.148920970791361962e-02 3.094924709093972021e-02 5.528521911731636151e-04 1.813409061773229858e-01 -7.801150808582281437e-02 -2.565614250998384666e-02 -5.322310978790341374e-02 -4.800017838099583656e-02 2.543467224549001912e-02 2.408008788120030285e-03 -1.591650136252106482e-02 2.644341991193347591e-02 -9.153597775339447629e-02 -1.755275090596291904e-03 -3.873773734613917066e-03 -8.044392162237064270e-02 1.320927984463017291e-01 6.690911425461122664e-02
2.430295158137195377e-01 -5.206704385202609760e-03 9.457171420753497648e-02 1.264961173451752408e-01 5.508010626322749903e-02 -2.065555142499603258e-02 2.033029970408294952e-04 -4.601322895959689130e-02 9.974997282529108888e-01 -1.724249550389128915e-01 -2.321045375539359384e-02 8.192154627380040383e-03 3.784466374832448632e-02 1.512186391788726270e-01 3.167854306994730695e-01 2.006292557492204698e-01 -1.265890212108801774e-02 7.562750538525914168e-02 -9.424885513362520062e-02 6.136375121269643101e-02 7.822518226667246610e-02 7.697548864641030886e-02 7.042031228518069730e-02 8.718466348739853378e-02 9.729650685517928291e-04 -7.981199873287561641e-02 8.642775072773004053e-02 -2.909355497037004190e-03 1.047572173171674725e-01 4.165606776557517071e-02 5.182584297531671325e-02 2.039314933443550082e-01 -8.715442851855216902e-03 -3.275787185171837035e-02 5.012333370611565808e-02 1.556803454620764582e-01 -6.890284334453486426e-02 1.216226618719245534e-01 1.893167379888015533e-01 4.522069079899054128e-02 -2.087853419012954126e-02 6.544268546420065058e-02 -4.857974422827089633e-02 -8.156655910479626570e-02 -5.530165018651152925e-02 5.745162412615612002e-02 3.166284628437567028e-02 9.422794003897527748e-02 1.364846214028011540e-01 -7.923265297917723993e-04 2.074686532713062581e-01 1.575225858476724528e-01 9.436913210473166225e-02 6.651149876993868448e-02 5.066858217429497102e-02 1.753408414422317207e-01 1.077813413279330584e-01 2.263862637051830551e-02 1.456524716017069121e-01 7.067674002741390626e-02 9.032162054118259009e-02 2.211285876807267681e-01 -2.485513685219374255e-02 6.521264940173218672e-02
-2.493149587336728965e-02 6.838231598809670075e-02 2.910732153672273420e-02 3.702553213501374486e-03 2.497410392939536719e-02 4.983888455381143417e-02 1.589727928154373304e-02 3.285666375367292391e-02 -1.724249550389128915e-01 9.975004718577223928e-01 2.461614293624762584e-01 5.922227508053884426e-02 6.649921226683586095e-02 4.416321918239209457e-03 -2.358742151019420363e-01 8.969218032514623962e-03 1.400341088660450040e-01 9.668046158958031044e-02 6.048405229433239522e-02 2.292449275709954656e-03 -6.886098798750821259e-02 5.002674588197280475e-02 -2.196518587789442548e-02 1.097355716725746839e-02 1.905554452625640369e-02 5.065472995784756072e-02 -1.712110765763134174e-02 1.159202975320719475e-02 3.298224664376071813e-02 -3.684871435002387563e-02 -1.078016073850446288e-02 -6.074016811279504303e-03 3.847722414217621956e-02 1.809291152590575824e-01 2.770479094296392046e-03 4.726987588340064717e-02 8.183808361086000738e-02 1.315874447220500426e-02 -1.574705951240508092e-02 1.494978836130143526e-02 4.097395484358574980e-02 -2.053346451737448827e-04 5.373143514188958442e-02 5.584848111976058460e-01 1.660227032712248141e-01 1.908010728759180000e-02 9.454977917410768706e-03 3.652617601052800256e-02 -2.113608696511023663e-03 4.664174538049739582e-02 3.990620673617280983e-02 -1.527060037821274981e-03 1.453096339139035506e-03 6.598879033153112403e-03 9.912660455019041764e-03 -7.453159057376049224e-02 1.828642160574338871e-01 8.157715183563987726e-02 1.575205397996700535e-02 1.096725582991552039e-02 1.058806889755001604e-02 -1.032775197257199129e-02 1.703790148909964386e-01 -4.624689719052987175e-02
7.407775193588087004e-02 1.392772214381441352e-02 1.678094109795682035e-02 6.325347049856162862e-02 3.105648624825695092e-02 -4.634691378225920533e-02 -1.142301997140995340e-01 -1.524182012810233189e-01 -2.321045375539359384e-02 2.461614293624762584e-01 9.975003408264170313e-01 -1.391065924312106595e-03 4.507130950211088449e-02 8.088478311907888740e-02 -5.084788355721169689e-02 1.395571634186947713e-03 2.396320193098069873e-02 8.754638008221134193e-02 -1.009721037232089447e-01 -5.357383177402360447e-02 -1.634461827708195425e-01 1.569892537338586913e-01 2.718860847774675141e-02 -2.891595545936294018e-02 -3.945876772374551367e-02 -5.390128204351585933e-02 -3.743225354492822621e-02 -5.821299949132659191e-02 1.796676697917864302e-02 1.398431375397600051e-03 -1.105770937003883320e-01 4.919942623824201389e-02 -9.395061837322697673e-02 1.417681830928247538e-02 -5.279897979932281216e-02 1.597768866770987728e-01 -7.274632448997217504e-02 1.091391842114473529e-02 6.142493951520701378e-02 -5.014870061998417949e-02 -5.160646209821149327e-02 -8.339635592836533440e-02 -2.775311233018297116e-02 2.157766742606245791e-01 -6.751490879970024547e-03 1.126731396445522330e-02 -7.145904190261892497e-02 6.252295503035680546e-03 4.858629354399231909e-03 -3.132809470333502294e-02 8.535187015031031610e-02 2.451144377003543900e-02 2.504733862598250774e-02 1.417560677540271111e-02 -4.701523090873374611e-02 -3.525125001941263603e-02 1.041044840653666398e-01 3.499626845656964719e-02 8.644805223260700056e-02 -1.630911418443753078e-02 1.111758745576480779e-02 5.476187365897960263e-02 9.123688658684197053e-03 -2.477479966842287967e-02
8.471024810276669287e-03 2.016674508562233889e-02 -2.037951290932590170e-03 -1.264804459250693696e-03 -3.620476347095046791e-03 3.393994416953829280e-02 3.682318862477894361e-02 5.704032987239877894e-02 8.192154627380040383e-03 5.922227508053884426e-02 -1.391065924312106595e-03 9.974997933973793751e-01 -1.135533784301245332e-02 -4.102186092160106656e-03 -3.440109171705420504e-03 2.542185056389660233e-02 4.024509677553800291e-02 -1.466985197064195334e-03 4.615326293103130112e-02 1.901013068594221977e-02 4.924387306149174970e-02 -5.380679098273840645e-03 5.965777007726573954e-04 1.120134901693311917e-02 3.685967167150079604e-02 2.973056918400245746e-02 2.342993962525055304e-02 7.605430413159523784e-02 -1.075462305642622442e-03 -3.474368324262093119e-03 9.974279848094238024e-03 5.373795768137706874e-02 5.806149294804669597e-02 2.240042501275405773e-01 8.003523438061254172e-03 1.221848066903226740e-02 6.723826295992750557e-02 1.458835515347377265e-01 2.670025283581176252e-03 3.724153523855142089e-02 5.228016392714968097e-02 2.768737945626488853e-02 3.654106843010584277e-02 7.349368662872315938e-02 6.234724341948932880e-02 -9.431595042813859095e-04 3.599470851589579856e-02 7.415549775064053661e-02 6.497029065625552213e-02 1.189455744620632471e-01 3.470540265529928337e-02 6.724933297103188878e-02 3.892890750847994435e-03 4.725111929499384300e-03 1.013792515264147487e-02 2.689109640102443910e-02 4.206360469971876653e-02 2.147416039833373660e-02 7.589495404402357877e-03 6.547602085454837240e-04 2.633500515145733786e-02 3.848504105566800254e-02 1.704544088054262552e-01 7.184380882134965528e-03
-3.572529340551411359e-04 5.012548007490135599e-03 5.159500167645463264e-01 6.558956924796584265e-02 1.781052277599315392e-01 5.446689330084658609e-02 5.296735116591464593e-02 -2.411059721876585363e-02 3.784466374832448632e-02 6.649921226683586095e-02 4.507130950211088449e-02 -1.135533784301245332e-02 9.974996346972322403e-01 9.709062187089570473e-02 -1.238010520632662342e-01 2.201939317511831251e-01 3.155149643987447544e-02 4.975906520432992752e-01 -1.945491470701108880e-02 1.839119138054687019e-01 -1.970670203839658963e-01 1.358461989730063990e-01 -7.887218270993177210e-03 4.749334059624689131e-01 -4.543390882979634303e-03 1.523933809028084688e-02 2.174370151727821887e-01 -3.415320374541708226e-02 5.390723380185888924e-01 -5.399722627989739232e-02 2.765873022164762052e-01 3.240077619201148923e-02 5.615929059033422655e-02 1.923240643412084394e-02 2.734297680964399846e-01 1.090833005571957698e-01 7.069173792322596198e-03 -4.432268036139778294e-02 3.239187448204338543e-02 1.087625756264858357e-01 -2.157110218233428828e-02 1.648636341187473264e-01 6.811693300473170565e-02 7.905295958993741046e-02 -1.375224032991364392e-04 3.068215528572183493e-01 4.291985598945589203e-02 8.674503265528890616e-03 -5.235039359702422720e-03 -8.454692227321106146e-02 9.088289990379540273e-02 -2.051825087626238386e-02 9.444523610986446660e-02 1.113779780024369559e-01 4.042072886374241669e-01 1.916728740712783097e-01 2.189261821642763117e-01 1.226928309814053764e-01 5.243092951917852768e-02 4.583931117831169244e-01 4.203391997095549948e-02 8.996482102794474411e-03 -2.560962534934247466e-03 -3.084300852991406564e-02
3.376294160557247181e-01 3.867585570449240569e-03 9.045352185402180667e-02 6.485603237222360429e-01 3.269832709432558548e-01 -5.773243351004568591e-02 -2.807002642726797240e-02 -1.122694004036396825e-01 1.512186391788726270e-01 4.416321918239209457e-03 8.088478311907888740e-02 -4.102186092160106656e-03 9.709062187089570473e-02 9.975001225337019051e-01 6.517469042620877007e-02 6.923096208219774172e-02 -4.691911616707486465e-02 2.121534355350842005e-01 -1.942333450459984290e-01 1.106188202470921589e-01 -2.022690934393852127e-02 3.231292533404198641e-01 1.029817093498514302e-01 5.719558901329563350e-02 -3.149347727557526289e-02 -1.598261509770124433e-01 -1.894008613460525930e-02 -3.755143952187282169e-02 1.002063335445197989e-01 4.985912587046346239e-02 5.889661377241534740e-02 1.360602131479638766e-01 -4.962728142601344899e-02 -2.146402019537053951e-02 8.211922578561649255e-02 2.880775762763483350e-01 -1.252066772693496977e-01 3.215537901809096405e-02 3.884786219903373361e-01 -2.541048207983134452e-02 -4.788453938515284392e-02 2.859357790248798561e-02 -6.497919791570998249e-02 3.049154063002733686e-02 -4.534710015955820128e-02 5.726626100224788130e-02 2.622700457402028437e-02 2.365471713308819543e-02 4.925176115365482998e-02 -4.493243470293262903e-02 1.740892427091124683e-01 1.379987793518893530e-02 3.602022631551299869e-01 2.151917603170984683e-01 2.425318233151475475e-02 5.293756224000809724e-02 9.614765220529777889e-02 5.503982774733809369e-02 4.225474973818765800e-01 7.014022716896972653e-02 1.436795345466299056e-01 1.562871783264820902e-01 -1.711730750342507421e-02 8.604258765850103866e-03
9.623419399347900305e-02 -1.090671100478267201e-02 -3.934344923505797564e-02 5.614225978840083758e-02 7.768744917075026332e-03 -2.081440054567443992e-02 -1.708872448344736159e-02 -2.870939296122193563e-02 3.167854306994730695e-01 -2.358742151019420363e-01 -5.084788355721169689e-02 -3.440109171705420504e-03 -1.238010520632662342e-01 6.517469042620877007e-02 9.975000326808068918e-01 3.011920679498742565e-02 -3.318607205041348984e-02 -3.704418214666610476e-02 -8.814725925179059396e-02 -2.288982565625168400e-04 1.097934231246204678e-01 6.912425784004579132e-02 1.904775300864061105e-01 -4.031949439157897497e-02 1.232443276279067412e-02 -2.827935287301476183e-02 -1.393011119499477576e-03 5.745312680705027750e-03 -4.011087346830050082e-02 1.748136537561983950e-01 -1.895772629809085869e-02 6.662496034826327629e-02 -1.856943399155296104e-02 -4.181994626661909853e-02 -1.943739305464831438e-02 3.839040997673235506e-02 -4.644436396416275203e-02 4.898349018925615694e-02 9.612809503049851712e-02 -2.559066159023056473e-03 -1.350403818421639160e-02 -1.440021205236240512e-02 -2.405306606306778852e-02 -1.269892932396942675e-01 -5.680246299932822235e-02 -2.313545345866591801e-02 1.281926275112501776e-02 3.243533721718063617e-02 7.022036859257672903e-02 2.122939873356277825e-03 4.260447527010178398e-02 5.542211776849267912e-02 3.706280221641200523e-02 2.224742885067920728e-02 -4.837634945246115092e-02 4.371162594306448462e-02 -2.206451371646392726e-02 -1.159561572964156947e-03 5.265133673707608764e-02 -3.868705037421824033e-02 2.087369668940043665e-02 7.721428543466687944e-02 -3.867816722215259434e-02 2.206468226452064363e-01
8.154219754200017767e-02 9.770321318803759647e-03 2.200050875786239701e-01 4.656557970413959663e-02 7.952461010117220508e-02 5.473883537661342752e-02 7.136113079824578376e-02 1.985163406445265323e-03 2.006292557492204698e-01 8.969218032514623962e-03 1.395571634186947713e-03 2.542185056389660233e-02 2.201939317511831251e-01 6.923096208219774172e-02 3.011920679498742565e-02 9.974997329398992418e-01 4.557088225625899325e-02 1.935572002416728332e-01 -1.448598843274859389e-02 1.573676305443076351e-01 -2.102246966240126427e-02 5.798439644391394782e-02 -8.070259422502539665e-03 3.285547745434293510e-01 4.023541532203491616e-02 -1.008414621709070695e-02 2.608994798984085595e-01 9.713778091051828573e-03 2.896884773557427128e-01 -4.026676800432948955e-02 1.770343618115134410e-01 1.838429474135148123e-01 7.866755783530764157e-02 2.903561235686306918e-02 1.736165525674008558e-01 1.249988321536007335e-01 1.312344733555545831e-02 1.387392733178248738e-01 5.987829030491123583e-02 1.501918855345605319e-01 4.497113196620220604e-03 2.497781738068447221e-01 2.305695320297470111e-02 3.486929673630727311e-02 -5.499626272171131633e-03 1.453115774832496321e-01 8.001520453181100445e-02 1.687089617711553802e-01 1.672371103829387584e-01 1.618034126765406644e-02 1.933103530548908877e-01 1.370611063056044188e-01 7.706432385940392704e-02 8.635561574634444126e-02 2.517324092703351335e-01 3.660023874769481878e-01 3.354384320281570409e-01 8.390459474649103466e-02 7.106878964898130646e-02 2.191712145288301772e-01 8.027767087307152716e-02 1.400859155985444970e-01 2.057376359207334707e-02 6.988669769375144628e-03
-2.581120525204440991e-02 2.776037185705373944e-02 2.470669697471745280e-02 -3.293343933381717714e-02 -9.698250439196351869e-04 1.748269175760268634e-01 6.841092573054478876e-02 8.609612799576253639e-02 -1.265890212108801774e-02 1.400341088660450040e-01 2.396320193098069873e-02 4.024509677553800291e-02 3.155149643987447544e-02 -4.691911616707486465e-02 -3.318607205041348984e-02 4.557088225625899325e-02 9.975002541711940340e-01 3.680894232714010395e-02 9.743157560240049697e-02 4.988176914674580242e-02 -7.056943413660771852e-03 -9.928357432767787386e-03 9.172832702768612956e-04 4.492395100509427586e-02 4.738919524736042582e-02 1.129558653078957531e-01 6.224280587950024868e-02 4.045099701191247343e-02 2.897539269522400249e-02 -1.020329698947177940e-02 3.554287445024585657e-02 2.941876337714335182e-02 9.035409302141561572e-02 1.058588968214872750e-01 2.955212897967884542e-02 1.081717299032587329e-02 1.373664297116201638e-01 5.965533752673353451e-02 -1.991131163433355888e-02 1.396220184449403767e-01 5.148397992106962251e-02 4.730395167849923976e-02 5.493717111884242887e-02 1.915590814542829368e-01 1.761023861909701005e-01 1.568874377585311244e-02 3.702161844439830207e-02 7.963709660140884383e-02 6.476630985867773416e-02 5.564179096059106155e-02 3.797257017979000643e-02 7.137598258215727132e-02 -6.506078447342498322e-03 5.528411294321367193e-03 4.409256483449858904e-02 4.148875025129636351e-02 1.027929105607284094e-01 6.614344484413123282e-02 -9.470769650460137551e-03 2.553327913828814383e-02 1.930463755142608831e-02 3.689649958902060933e-02 7.794537554100094967e-02 5.453822571695464937e-03
8.499764965744660561e-02 1.722222335996487913e-02 4.068000198197496697e-01 1.581505887046719683e-01 3.221434068471277223e-01 4.535569110114614361e-02 3.008973422825036992e-02 -5.809689829111723547e-02 7.562750538525914168e-02 9.668046158958031044e-02 8.754638008221134193e-02 -1.466985197064195334e-03 4.975906520432992752e-01 2.121534355350842005e-01 -3.704418214666610476e-02 1.935572002416728332e-01 3.680894232714010395e-02 9.975001716878592051e-01 -7.174243669065841211e-02 1.738026274738899146e-01 -1.030466081238324283e-01 2.965571951670274431e-01 5.830803270002660882e-02 3.105938382069480808e-01 -1.474676850135625376e-02 -3.436125935809708314e-03 1.543114632014744025e-01 -3.112333463185836327e-02 4.558373485236043576e-01 -1.079308236381797820e-02 1.950656931712189956e-01 7.588843086864112408e-02 4.175307122409406546e-02 3.558460324986782025e-02 1.985102705204518647e-01 2.228419654149920992e-01 -1.852929847023059018e-02 -6.779589034010201701e-03 1.078034101985695381e-01 8.172598510207876310e-02 -4.837569282790035730e-02 1.193103555548579581e-01 8.438302621307962326e-02 1.498668771231903840e-01 -3.237738342019652604e-03 2.595428992288905112e-01 4.457656507765181408e-02 4.394396128040232302e-02 3.270260895496994447e-02 -1.046575220821711477e-01 1.514562808486384637e-01 1.191281435357960383e-03 1.408020994917647539e-01 1.393536202546514502e-01 2.538265628516203076e-01 1.532171011779118741e-01 2.630276722848062798e-01 2.110430038316486456e-01 1.357966798312555123e-01 3.145716257868510501e-01 6.444237329836796646e-02 5.501753097540411364e-02 -7.195136433665846702e-03 -1.028014044583165990e-02
-2.296356566434866187e-01 1.437555541119812583e-02 -2.106815074865433374e-02 -1.493814618483091383e-01 -6.331573142435434343e-02 1.737636054310149059e-01 2.125054956423450547e-01 4.707022296842806042e-01 -9.424885513362520062e-02 6.048405229433239522e-02 -1.009721037232089447e-01 4.615326293103130112e-02 -1.945491470701108880e-02 -1.942333450459984290e-01 -8.814725925179059396e-02 -1.448598843274859389e-02 9.743157560240049697e-02 -7.174243669065841211e-02 9.975002296310780947e-01 1.571559164545993301e-02 2.363315485786838741e-02 -1.969860079744731873e-01 -3.870135441980498969e-02 1.079997620950683655e-02 1.238998136908462111e-01 3.046421302504364048e-01 1.601875092762905517e-02 1.361479884007708030e-01 -2.242037512621269935e-02 -1.934202312752903927e-02 2.055071203003189934e-02 -1.314772270863518722e-01 1.706301293381671802e-01 1.486360611478805271e-01 3.356982517726369263e-03 -1.616837267582383053e-01 4.151743201188006216e-01 -1.879443566754799427e-02 -1.831116370230774781e-01 7.653040650066256223e-02 1.802971387476668130e-01 5.333059388053058847e-02 1.223274183348065230e-01 4.783743642252706596e-02 3.146281979024231346e-01 -1.348049664773294867e-02 4.539604080083378679e-02 2.022503558651705946e-02 -2.325884131366423233e-02 1.294894855044145254e-01 -1.129184183897849608e-01 -5.592313734105317652e-02 -1.056692957583398040e-01 -1.100569084386846946e-01 2.837222915056132264e-02 -1.577473473755543892e-02 -2.550160509539071974e-02 3.174088718944474002e-02 -1.453896613339502319e-01 -6.080438090976633854e-03 -2.876383089871620280e-02 -1.312472203057774567e-01 1.061536652810696757e-01 2.428191988990867703e-02
2.715421285511141619e-02 1.254545020314057346e-02 1.658589013943394530e-01 7.940169085632209356e-02 2.552587035405751714e-01 1.102475245229587869e-01 1.512064170082280667e-01 3.198987751854071027e-02 6.136375121269643101e-02 2.292449275709954656e-03 -5.357383177402360447e-02 1.901013068594221977e-02 1.839119138054687019e-01 1.106188202470921589e-01 -2.288982565625168400e-04 1.573676305443076351e-01 4.988176914674580242e-02 1.738026274738899146e-01 1.571559164545993301e-02 9.974999895928284843e-01 -1.419604222867385662e-02 6.306198841622864815e-02 5.217958738814330866e-03 2.703220797439683798e-01 3.146353838854958757e-02 3.704757536294757403e-02 2.355170859477377365e-01 1.711341861982535600e-02 1.856624712853670034e-01 -2.123238780413762988e-02 4.194518695038214062e-01 6.378572600776084844e-02 1.680125551959094909e-01 4.875283559878444001e-02 3.290093643565947246e-01 6.253573734277501073e-02 6.481033272364217224e-02 4.837361840709383104e-02 4.021892799543288349e-02 3.005595758818330188e-01 1.511558179026828604e-02 2.039480975856844125e-01 7.561364782219696934e-02 2.311258134552816867e-02 1.693748389778880134e-02 1.019189712568492057e-01 1.271050245357585040e-01 9.390639429851874165e-02 1.051792535817443752e-01 1.114149567030042406e-02 7.706441549238082778e-02 1.393419920660621432e-02 1.882770609271811890e-01 2.307219351347736813e-01 2.832140992496731680e-01 2.390320686245698267e-01 1.369354419607603790e-01 8.594486954639665721e-02 4.817432451351554012e-02 2.167963389311083344e-01 5.995764972048615166e-02 3.147408353798671066e-02 2.579291556587868378e-02 7.873924387412368706e-03
5.382993554339663561e-03 3.512004691378333571e-02 -9.352642318712146852e-02 -1.302462431630335010e-02 -3.339834321808202861e-02 7.821710049698046840e-03 4.615608761736647581e-02 5.292724434064964567e-02 7.822518226667246610e-02 -6.886098798750821259e-02 -1.634461827708195425e-01 4.924387306149174970e-02 -1.970670203839658963e-01 -2.022690934393852127e-02 1.097934231246204678e-01 -2.102246966240126427e-02 -7.056943413660771852e-03 -1.030466081238324283e-01 2.363315485786838741e-02 -1.419604222867385662e-02 9.975004445514581430e-01 -4.238019258550273366e-02 1.288747395475452716e-02 -7.484504742880890293e-02 2.141993541420250322e-02 8.896920735786562756e-03 -2.111709101850567372e-02 1.420250235540905237e-01 -9.686152718411197848e-02 2.245141558324179401e-02 -2.742670373318057200e-02 4.889671835092506379e-03 1.601194682368380431e-02 3.693853592092950777e-02 -3.628560324529295916e-02 -3.667524914347206760e-02 1.755895916263581352e-02 2.807278169747967622e-02 -9.189366010271315726e-04 4.802790534012605327e-04 2.349679457442807942e-02 -3.089137999337133924e-03 -2.254866261388218697e-03 -4.594123206252242325e-02 -1.726291677537378222e-02 -5.561857602315535554e-02 1.650846366678298052e-02 1.380483046885439338e-02 1.996125298985214000e-02 4.620875115231639491e-02 -1.363073355617319508e-02 1.696390893465942948e-02 -1.301641963402250940e-02 -1.609588796202059136e-02 -6.193476758242011382e-02 -1.025275316232695036e-02 -4.524449651012450030e-02 -2.153881390875034968e-02 -1.432675424615583067e-02 -7.820064229242740250e-02 2.704737233674847294e-03 7.690214624810034344e-03 1.279469128396916455e-02 3.000915679272305944e-02
1.440994192341316926e-01 9.226895810131956893e-03 1.153964097741357053e-01 2.358274589071837901e-01 1.916188089096082792e-01 -3.001047637009326280e-02 -4.114082490048483892e-02 -1.122485534461077905e-01 7.697548864641030886e-02 5.002674588197280475e-02 1.569892537338586913e-01 -5.380679098273840645e-03 1.358461989730063990e-01 3.231292533404198641e-01 6.912425784004579132e-02 5.798439644391394782e-02 -9.928357432767787386e-03 2.965571951670274431e-01 -1.969860079744731873e-01 6.306198841622864815e-02 -4.238019258550273366e-02 9.974995502417544069e-01 1.928987684249110213e-01 7.098936740451007588e-02 -2.792898698222864851e-02 -6.726845977034295876e-02 3.979958611015156460e-03 -3.602637927138788165e-02 1.287753790369707274e-01 7.573593645042475675e-02 4.420799537863098760e-02 6.496479475443965590e-02 -3.877814581128901511e-02 -3.343886433278847603e-03 6.445930885955426792e-02 1.587736080767316871e-01 -8.958041130122550155e-02 3.574330443980556007e-03 1.716771516199385450e-01 -3.966239778074483191e-02 -4.897713824266695243e-02 5.049719311726087040e-03 -4.829456366992612715e-04 9.300281453069358939e-02 -4.563575926074840000e-02 7.371783725557627676e-02 5.935037668478144145e-03 1.980309532132943154e-03 1.239629837041891086e-02 -5.306024588278216575e-02 9.301455967952526604e-02 7.454038354526602156e-03 1.660738772919851391e-01 1.589153408917483024e-01 4.477966963267895895e-02 3.573092988337665116e-02 9.357190917163188404e-02 8.287370620055781179e-02 1.651728369742103131e-01 8.333056562504737030e-02 5.040071626791380044e-02 6.859158407308273142e-02 -1.640035439117539656e-02 1.635366096478167025e-02
5.260980075953842344e-02 2.081841366772896416e-03 5.187418577664748565e-03 9.330905904435182752e-02 6.172722483937662097e-02 1.818013591807061610e-02 -1.986674193323440668e-02 -1.324628777471335839e-02 7.042031228518069730e-02 -2.196518587789442548e-02 2.718860847774675141e-02 5.965777007726573954e-04 -7.887218270993177210e-03 1.029817093498514302e-01 1.904775300864061105e-01 -8.070259422502539665e-03 9.172832702768612956e-04 5.830803270002660882e-02 -3.870135441980498969e-02 5.217958738814330866e-03 1.288747395475452716e-02 1.928987684249110213e-01 9.975001043772764309e-01 -2.880123948738107925e-02 8.256014285252282620e-03 8.082635213072802971e-02 -3.080982793057469166e-02 8.932334370131218750e-04 4.947376042489312273e-03 4.024434897816739909e-01 -1.316900523551574331e-02 -5.018614505573580631e-03 -2.937614187791858737e-03 9.946333451195690095e-03 -5.450270501326027681e-03 4.103644071809074700e-02 9.528715449879241600e-03 -4.092421032368580638e-03 1.746107677731937313e-01 -1.647467149326548724e-02 -5.699141206838577965e-03 -8.673760105397022857e-02 6.443618357296172772e-02 1.034196372305990798e-02 4.126275951227857328e-04 3.850105074114914226e-03 3.311962945119505987e-03 -3.407171976839585420e-03 -5.051772609840617188e-04 -5.144972138819189911e-03 -1.199206434947143463e-02 -5.365006502616408851e-03 5.845178364859520553e-02 4.354522095824285566e-02 -4.401368681129883692e-02 -1.487699190370391292e-02 3.382339877610025716e-03 1.194105839957372572e-01 5.942423607516100770e-02 -6.763634729478884555e-03 -1.340297764043527594e-02 1.006421313800022130e-02 -8.146638969544355707e-03 1.058742224781350633e-01
-2.281065458814340863e-02 7.334318734000873363e-03 3.912822676092510554e-01 2.814193172867095888e-02 1.348936781545725105e-01 9.333970056723184250e-02 1.204349661417707384e-01 1.443513867308482412e-02 8.718466348739853378e-02 1.097355716725746839e-02 -2.891595545936294018e-02 1.120134901693311917e-02 4.749334059624689131e-01 5.719558901329563350e-02 -4.031949439157897497e-02 3.285547745434293510e-01 4.492395100509427586e-02 3.105938382069480808e-01 1.079997620950683655e-02 2.703220797439683798e-01 -7.484504742880890293e-02 7.098936740451007588e-02 -2.880123948738107925e-02 9.975000373829079336e-01 2.245443209690743333e-02 3.176912188625264505e-02 4.018168813571230680e-01 2.477799109208995293e-04 4.742742546371207513e-01 -7.558529284148865490e-02 4.007603711403841529e-01 8.754043473068247316e-02 1.165088941076156820e-01 3.304376365773845081e-02 4.236710195308739380e-01 7.918307077806056860e-02 4.197800928392876607e-02 4.497886282906225774e-02 1.131234985711428165e-02 2.143646440503967909e-01 2.615839160536223649e-03 3.088684024079446644e-01 7.801390184637600755e-02 3.033404536596177523e-02 -6.593744223664153511e-03 2.477612192757115694e-01 8.125204134318023130e-02 1.030141645320167137e-01 9.986318413815151174e-02 -1.834630771825529125e-02 1.122156325571568025e-01 3.100867247783467562e-02 1.051404060827901277e-01 1.388889864912857264e-01 6.501874594323682199e-01 3.703564974423100287e-01 2.362490632999283413e-01 1.033122131372908176e-01 2.517807319289798104e-02 4.492795322673521774e-01 6.370805688275789358e-02 4.168121888539279979e-02 1.648585649784041485e-02 -1.132581768423263427e-02
