9.974999101830953618e-01 -2.699470848925873689e-02 -1.390911580945952131e-01 1.133385392434642924e-01 1.095902383674926713e-02 5.589667507509116229e-01 1.017427793175367801e-01 2.877241361356036031e-01 1.416723935254415034e-01 1.728575647718366415e-01 1.142864381711544558e-01 1.092335948435487480e-01 1.036025846398685724e-01 4.081205235220349004e-02 1.517916808210264812e-01 -6.474006794415620991e-03 4.843277498048997320e-01 1.761425850660844339e-01 3.332299730490065337e-01 1.180883301853140055e-01 3.463868320717083255e-02 5.641421393242199156e-02 1.825053892937904543e-01 6.424583256230743944e-02 1.815788516692250498e-01 4.619385326383328161e-02 -3.294284955957247490e-02 2.018695127987258919e-01 2.522777842118159586e-02 5.135101864941874483e-01 1.102776805197523517e-02 3.371816992618443393e-02 1.958426538035147324e-01 3.262100369153413393e-01 -3.403418794303621209e-02 -3.747202395313127543e-02 3.262752612141868458e-02 8.624652108436842157e-02 2.446868491957681913e-01 3.966192272286046538e-01 -2.607940181194967968e-02 4.350370423987001689e-02 1.019639780471154195e-01 2.240043403544256795e-01 1.161290099474985710e-01 -1.113878153098380244e-02 2.512048260116468978e-01 -5.033501021270198744e-02 8.351001943017179185e-02 1.988900461856365764e-01 3.975917797617388727e-01 3.234937846956049134e-01 1.061949634101684858e-01 8.358622459454474046e-03 -1.749848343132875961e-01 7.814762822123397235e-02 1.304321156174338414e-01 2.234956994686495002e-01 9.091909565991417030e-02 7.013998903352958170e-02 2.346894092492148032e-01 5.841850119759458559e-01 1.436757240031691363e-01 3.564294073412686004e-01
-2.699470848925873689e-02 9.974998298068140645e-01 1.371440820357612278e-01 2.872542066320132870e-01 4.666620331987778036e-01 4.191015599983496237e-04 5.606286428674401440e-02 1.202815923178976870e-01 1.817001744788614148e-01 1.625547822339163950e-01 1.765784150213689507e-01 2.521066753308535968e-03 2.059462480612574697e-01 3.522356448851677868e-01 1.069529318336601975e-01 2.473309535191396680e-01 3.664461717937513713e-02 1.891613465824884266e-01 -7.301486026562577225e-02 2.504537024597550121e-01 3.225719053359442645e-01 -1.716786810790758844e-03 -1.296524761353241295e-01 1.328557823812232808e-01 -9.431298287833551897e-02 -1.075093486347612759e-01 8.818478604716660507e-02 1.735895019350842949e-01 2.218606551162100038e-01 -6.153837487804543482e-02 7.288866751832670521e-02 1.478320918124498562e-01 1.793889453057345706e-01 5.615385118541636050e-02 2.551521890911144855e-02 8.324857936573841488e-02 1.948905709553788446e-01 7.501275418077978097e-02 -1.463776729771329999e-01 1.009027414185446891e-01 9.822876447586953441e-02 9.476760928933039563e-02 1.922642295225364395e-02 1.642809883143551974e-01 1.340881329110719389e-01 1.160129562358369615e-01 1.670851908621233395e-02 1.863686926692443430e-02 6.122587890100251312e-02 7.405917944976714296e-02 -6.182592846990205004e-02 -4.120272041337913471e-03 1.693513819012523181e-01 4.463903010887701472e-02 2.206122833330498301e-01 3.104135647431779943e-01 1.209998894431853766e-01 -1.720347042091388834e-01 2.838214340012337744e-01 1.260097143351890936e-01 3.904792714688422317e-02 1.158453982374489308e-02 8.962222130420730362e-03 -1.231324879195691904e-02
-1.390911580945952131e-01 1.371440820357612278e-01 9.974998588210286510e-01 9.914327700349698236e-02 1.231030988947975635e-01 -9.481097717945451142e-02 2.114005603837726399e-01 -3.086329107379357645e-02 6.360555771181099216e-02 -2.469518730519787084e-02 1.034749532046585485e-01 1.161187237030201630e-01 1.819590749347172187e-01 1.922065743877527377e-01 -2.662262892240555359e-02 3.173205501404283702e-01 -7.418938244566880558e-02 1.687273442452720540e-01 -9.114103291101026405e-02 1.536725552609037315e-01 7.902248292254186735e-02 1.711096522952582633e-01 -4.222213810101348858e-02 3.175634616970033353e-01 6.625487505828131507e-02 3.237100362330996156e-02 5.560690474839395936e-01 -6.063804567031895465e-02 2.473897546204716913e-01 -1.350685983484511965e-01 3.783559416487848326e-01 3.254967416955805160e-01 2.270590482523416470e-02 -6.149514825849980437e-02 3.156031633569112427e-01 3.783696917507032298e-01 1.196335482284980323e-01 2.235220061823651183e-01 -7.786212689345856086e-02 -7.300105215774981005e-02 7.656091125515321338e-02 3.825090942134785621e-01 2.447339136730121711e-01 4.898659474350831877e-02 -1.144307483485677845e-01 3.761057160576496972e-01 -1.554838093512928184e-02 3.298579965684636517e-01 1.154790738475950651e-01 1.161463186787220665e-02 -6.732743613314962072e-02 -9.592296479069432891e-02 1.239996499239197220e-01 3.742917667205910570e-01 5.517693682999867955e-01 1.693804659407177060e-01 1.963518624244424693e-01 -5.366562135029245839e-02 5.630094423782930346e-02 2.330752521868892924e-01 9.141584382011375132e-02 -6.509221000359771692e-02 1.327204639525325358e-01 -2.716950877085268917e-02
1.133385392434642924e-01 2.872542066320132870e-01 9.914327700349698236e-02 9.975001873896838234e-01 4.107329630041681168e-01 1.484131517725465199e-01 1.339710599940632796e-01 3.134735624297436685e-01 4.638784504455428226e-01 2.228528369960111055e-01 3.147402907052790910e-01 6.516452207445250222e-02 3.666040979508391473e-01 2.971270214175520952e-01 2.560030056675504095e-01 2.904268432777181719e-01 1.919758127049946139e-01 3.079806956252077454e-01 4.796881875896596287e-02 5.606644985132008818e-01 4.284197638439196099e-01 2.441668031786262821e-02 -9.477005390744078217e-02 2.480210974657704459e-01 3.237533318689378437e-02 -1.526889187638698908e-01 1.139385892526116051e-01 3.833166707969613007e-01 3.391512257933532726e-01 3.892938697131571868e-02 1.330802295255218426e-01 1.698386873231783334e-01 4.452633965756178647e-01 2.088237937251860854e-01 2.637655926761558328e-02 7.770148793171936796e-02 2.020772806946215527e-01 1.144679136972919231e-01 -8.969704773426824540e-02 2.814111999871413694e-01 8.567389388889840030e-02 1.678916060860575210e-01 8.542355192506964623e-02 2.549728101862485663e-01 2.590948814902453434e-01 1.486946481084616689e-01 1.460880454022824015e-01 1.010388725960688697e-02 8.010450925412609946e-02 1.923204705500781153e-01 5.830001663250192201e-02 9.264829288614148672e-02 4.234922122686374246e-01 7.353674916601776745e-02 1.332332413520127545e-01 4.391271967912294127e-01 2.118443796949154023e-01 -9.413761779464768775e-02 4.920999542317611164e-01 2.804266963343173269e-01 1.167050636231862504e-01 1.519679858014905405e-01 6.964157991078898102e-02 1.019368511306903702e-01
1.095902383674926713e-02 4.666620331987778036e-01 1.231030988947975635e-01 4.107329630041681168e-01 9.975003176333189225e-01 2.272260360128980014e-02 6.413950010543804925e-02 1.625923463871504770e-01 2.367732900011080832e-01 1.752890867418803178e-01 2.214140051702718215e-01 -5.671970338035994298e-03 2.666719232517679727e-01 4.474691804139457885e-01 1.319711826525005738e-01 2.779566440118270698e-01 7.167288537422857042e-02 2.356261083147407620e-01 -1.236014893299437478e-01 3.267166475836129624e-01 2.751121594218289279e-01 -2.442133901963262910e-02 -7.880844171701431589e-02 1.556277944506608280e-01 -4.883101375237908909e-02 -1.008457496607356590e-01 8.322097909092533718e-02 2.078382629249113933e-01 2.612409979674063520e-01 -3.501490703940618454e-02 7.408633074670539775e-02 1.721804416596830478e-01 2.309104908040540138e-01 7.643364486720724549e-02 1.052541166894377898e-02 7.242531332849933001e-02 2.851296828756682555e-01 9.331389414509561053e-02 -8.864502456547392051e-02 1.515838395003648309e-01 1.348903178685905146e-01 1.019192932949369579e-01 1.831588671940972621e-02 2.077555140074078821e-01 1.665579893694547065e-01 1.259873500352131637e-01 3.389285465272052350e-02 -1.228311392113339180e-02 9.537633897165803676e-02 1.115130874333764843e-01 -2.219493802409187172e-03 5.603247948241400073e-02 2.142004368140660586e-01 3.222734299226264615e-02 1.810674958754447950e-01 4.031697538777553880e-01 1.416573401554990230e-01 -1.015052773387164486e-01 4.678620082726006602e-01 1.516739079020085756e-01 6.801927562968866636e-02 5.825764125482061490e-02 1.210567332087344669e-02 1.704960482676110348e-02
5.589667507509116229e-01 4.191015599983496237e-04 -9.481097717945451142e-02 1.484131517725465199e-01 2.272260360128980014e-02 9.975001645921079962e-01 1.476529182750087044e-01 4.048917039320105715e-01 1.871784202911073725e-01 1.935884746034664539e-01 1.449799255798207009e-01 1.431440038865081366e-01 1.398479502535643626e-01 6.708274754036565313e-02 1.657919704035643871e-01 4.010921932201320927e-02 5.881071442577312514e-01 2.105685901120787351e-01 4.260042818729893321e-01 1.635468097596530224e-01 7.259960689294191194e-02 8.271768949080569866e-02 1.392220201165744187e-01 1.097959945272835858e-01 1.780086848698291813e-01 1.918901361333896077e-02 1.424127458219980047e-02 2.358886207103108035e-01 6.355525092591451930e-02 4.220475333874286195e-01 5.588837507847923408e-02 6.582290059786576053e-02 2.411305958032081420e-01 3.782341924197084593e-01 1.186455301454506644e-02 5.140790787533171605e-03 3.895112036446379822e-02 1.025825604293773563e-01 1.848692545546269661e-01 4.062297093782979984e-01 -1.123875198678972454e-02 9.183623737493917805e-02 1.427079942366201726e-01 2.438978345584823237e-01 1.519461324461262586e-01 2.253888271669914414e-02 2.660852547226232323e-01 9.230082646010872097e-03 9.582038207007657904e-02 2.236982762609463493e-01 3.602383763346181933e-01 2.665382612718462663e-01 1.528428548725622449e-01 5.248646112111761408e-02 -1.000606298032401115e-01 1.114131787152505965e-01 1.649482467064498914e-01 1.775847600216272637e-01 1.011009010387265011e-01 1.140430865814702072e-01 2.128834818159415776e-01 4.549128106059022181e-01 1.701967267616652513e-01 2.628706595267120694e-01
1.017427793175367801e-01 5.606286428674401440e-02 2.114005603837726399e-01 1.339710599940632796e-01 6.413950010543804925e-02 1.476529182750087044e-01 9.974998460174341330e-01 1.532681088504100342e-01 1.542957325833596294e-01 1.298005366793747450e-01 1.774554409961199286e-01 3.496402526424993162e-01 2.193641082770521333e-01 1.763493077334434278e-01 8.104302105507073251e-02 2.018156169574849279e-01 1.888054627712753564e-01 3.601234742821027845e-01 1.889638812962947667e-01 1.860119358590611172e-01 8.204036757753242759e-02 3.495020161772849909e-01 5.234449143173914437e-02 3.692899983728946678e-01 3.178851228441353372e-01 8.454023597094614817e-02 3.731104241082480732e-01 7.514816475809839302e-02 1.572363263365115782e-01 4.994392334659385896e-02 3.860982201306546457e-01 2.914908626477542564e-01 1.566196400030445690e-01 3.227022202797311112e-01 3.632748926099858000e-01 2.780916777046792410e-01 1.013105327063450745e-01 2.673263714079808784e-01 3.361154783680964792e-02 1.844893632648819393e-01 6.894828325507967870e-02 4.890676518855631150e-01 4.641903988808031012e-01 2.355478138961275558e-01 -8.435761805755789822e-02 2.075398055309381484e-01 2.237798923451210786e-01 4.159515938577317828e-01 2.287170288891980374e-01 1.781732197405812568e-01 1.080163956636779055e-01 -1.641066219076039653e-02 1.923504550369302957e-01 4.122469900649637364e-01 1.620056394459803151e-01 1.562964714298866742e-01 3.301178186811778992e-01 6.322430770886303120e-02 3.662115160315988771e-02 2.977967882211335904e-01 2.219961371517708282e-01 1.520292908852111657e-01 3.725640197104940765e-01 1.502235706216264455e-01
2.877241361356036031e-01 1.202815923178976870e-01 -3.086329107379357645e-02 3.134735624297436685e-01 1.625923463871504770e-01 4.048917039320105715e-01 1.532681088504100342e-01 9.975005857411249899e-01 3.758241262316019959e-01 2.428638675366660005e-01 2.262813109976925807e-01 1.010776500063115119e-01 2.395961380357572446e-01 1.538662086441489607e-01 2.569000143575974060e-01 1.437076466984836265e-01 3.856342362160936621e-01 2.605567460557866033e-01 1.957804535466598772e-01 3.361428035497240341e-01 2.170164801389461440e-01 1.618554379293399639e-02 9.538630171647362321e-03 1.638499973716150970e-01 7.331455237108627787e-02 -1.387117679207285070e-01 2.751748781558811113e-02 3.992750629639943982e-01 1.782170332977346394e-01 1.873097178600911517e-01 6.190568171168810835e-02 7.664025776959873526e-02 4.281543340538431219e-01 3.098081524365264849e-01 -4.075726410608716821e-02 1.777203205691998966e-02 1.302406374065704364e-01 7.594540710719016596e-02 3.915506277590599660e-02 4.277254231161801701e-01 3.777180339208320581e-02 1.035103457217320527e-01 7.615575477901422030e-02 2.699790295503392556e-01 4.234147997567571653e-01 6.665050859099996838e-02 2.070821499787796893e-01 -2.062303520674779039e-02 7.995218505659434927e-02 2.694098735760445118e-01 1.935582903047186054e-01 1.921664131075851156e-01 3.160353025385521097e-01 1.726056860548550592e-02 -3.353855721733939310e-03 2.380636372698574643e-01 1.804822811107429092e-01 2.466284374360862633e-02 2.264979581038864542e-01 1.969476180855528336e-01 1.383110788743158182e-01 2.854451069301517374e-01 8.854203902717713848e-02 1.697722363170907911e-01
1.416723935254415034e-01 1.817001744788614148e-01 6.360555771181099216e-02 4.638784504455428226e-01 2.367732900011080832e-01 1.871784202911073725e-01 1.542957325833596294e-01 3.758241262316019959e-01 9.974996690396972232e-01 2.177216165769182143e-01 3.183808446416164784e-01 1.050817679181716008e-01 3.584051553337141427e-01 2.037870293814451894e-01 2.202336761182737135e-01 2.117499992245160945e-01 2.196717433529785934e-01 2.898086263690798914e-01 9.911426030222979244e-02 4.204658393950853612e-01 2.901543846192482512e-01 4.595705648047229697e-02 -8.955710619210209555e-02 2.809629536629828506e-01 5.727766190295884713e-02 -1.729674401755157687e-01 1.171550383522730332e-01 3.828472647769817216e-01 2.468940464042773397e-01 7.093539805783345698e-02 1.564469994845981982e-01 1.354822754009733510e-01 5.830370541802964990e-01 2.410816122237702253e-01 3.200203381352273446e-02 6.562342316117143748e-02 1.498033938170712509e-01 1.009708269077869008e-01 -6.440096045941660907e-02 2.921555881834341228e-01 5.396506754025613695e-02 1.873392234184330096e-01 1.076884570892410742e-01 2.446093792595887273e-01 2.965539136279476962e-01 1.336002553861630193e-01 1.776432186954797765e-01 3.504830931332645477e-02 6.552846574652497480e-02 2.192562202754531064e-01 8.194585664131023850e-02 8.995361373910236436e-02 5.331926164067233298e-01 8.378178526763871425e-02 6.828276459797759379e-02 3.110133341914830818e-01 2.178696605466848291e-01 -6.987729268546487293e-02 2.927103724676960450e-01 3.498501272712336574e-01 1.099158244931782435e-01 1.656827164530115803e-01 8.009079828431849013e-02 1.101449043805829281e-01
1.728575647718366415e-01 1.625547822339163950e-01 -2.469518730519787084e-02 2.228528369960111055e-01 1.752890867418803178e-01 1.935884746034664539e-01 1.298005366793747450e-01 2.428638675366660005e-01 2.177216165769182143e-01 9.975002297515604965e-01 2.939605978226372818e-01 9.822033225683908519e-02 2.646674855952359517e-01 2.141804547558835425e-01 1.531855169385629434e-01 1.526756146829403582e-01 2.501951642196180714e-01 3.798019050568589572e-01 1.254716176289430440e-01 2.347041397337730206e-01 1.641806954877769176e-01 7.656382399738059785e-02 2.258989253974545697e-02 1.404551930340900423e-01 2.163406359390381006e-02 -6.138915846656079617e-02 -2.540789368512639396e-02 2.506604688972038364e-01 1.466000111006765805e-01 1.027494453916739242e-01 -2.691501595633367938e-03 1.037777817598361796e-01 2.443320967318999837e-01 3.328932977867184451e-01 -1.030290473645228619e-02 6.175465912066048502e-02 1.755542561662268852e-01 8.245154657695565048e-02 3.551293362886931426e-02 2.875456137434519444e-01 5.627484979240298529e-02 7.922058702433135147e-02 8.065656816883312596e-02 5.626323099028154306e-01 2.261601866279096817e-01 8.566449895237920886e-02 1.654835949811691853e-01 4.729057202416082212e-03 1.073421914612951306e-01 2.310519419463582524e-01 1.527484450419931139e-01 1.471886165421222303e-01 1.790553100003070830e-01 -1.473446156195299967e-03 3.148257620970330850e-02 2.063186085200461872e-01 3.157480697274814840e-01 3.000856892653314123e-02 1.955392433945763453e-01 1.193006885174059672e-01 1.161926240172155012e-01 2.132036850126516059e-01 8.248278787138346724e-02 1.016530922424108280e-01
1.142864381711544558e-01 1.765784150213689507e-01 1.034749532046585485e-01 3.147402907052790910e-01 2.214140051702718215e-01 1.449799255798207009e-01 1.774554409961199286e-01 2.262813109976925807e-01 3.183808446416164784e-01 2.939605978226372818e-01 9.975003844676281206e-01 1.039618069297603975e-01 5.176969987877423351e-01 2.324312819720928958e-01 2.047821093346120502e-01 2.345631289618612114e-01 1.844314529172076944e-01 4.134268668154600368e-01 1.026716561695451557e-01 3.481421657609609088e-01 2.457996763204509660e-01 9.215812450071478312e-02 -3.077641691280333380e-02 2.536552558644263877e-01 7.012005060324107142e-02 -6.546858803668451077e-02 1.361888504009537149e-01 2.371278981959647203e-01 2.312410473201542138e-01 5.202435027378755211e-02 1.465770112602351183e-01 1.798837128975360744e-01 2.863889066718741105e-01 2.203289301510903408e-01 8.479388005351892743e-02 1.240253364250376578e-01 1.541334574301900795e-01 1.337916483845285609e-01 -3.067040525970370426e-02 2.412248108540390734e-01 6.394132580927608389e-02 1.969486237321819988e-01 1.385015961345909541e-01 2.913870168773132763e-01 1.477941739121884368e-01 1.877987721558707357e-01 1.387727184859995633e-01 7.997907755391571449e-02 1.004678508820383426e-01 1.722186018946250952e-01 8.741124868275432225e-02 8.441111928156760924e-02 2.610563624389071746e-01 1.208336379961863077e-01 1.170727633263637935e-01 3.031364621699981221e-01 2.789422804627186281e-01 -2.534719601732698946e-02 2.934155260700762047e-01 2.220606345027608119e-01 1.278812109708282463e-01 1.560560408473322114e-01 1.107892327259221571e-01 9.871191338319453001e-02
1.092335948435487480e-01 2.521066753308535968e-03 1.161187237030201630e-01 6.516452207445250222e-02 -5.671970338035994298e-03 1.431440038865081366e-01 3.496402526424993162e-01 1.010776500063115119e-01 1.050817679181716008e-01 9.822033225683908519e-02 1.039618069297603975e-01 9.975000684772645787e-01 1.276622176836641476e-01 7.718886898497176463e-02 6.150506590038898325e-02 1.163112547149990766e-01 1.851969108034354494e-01 2.109642183690339790e-01 1.930578444310015462e-01 1.092795721469577708e-01 3.980745480772488604e-02 2.472695750003342796e-01 6.112317880473456394e-02 2.400377246541429144e-01 2.838321625250415092e-01 7.787257323222374072e-02 2.557834916417432991e-01 6.759409725653023338e-02 8.761644787326029749e-02 6.683872596088881457e-02 2.722326613714266541e-01 1.948482042199952136e-01 1.327765634341653289e-01 3.612884646961141422e-01 2.723846874431300469e-01 2.012671760734213167e-01 5.314899326332962748e-02 1.919701929451604061e-01 5.461787691158813407e-02 1.595716936525925223e-01 3.182801575921490045e-02 3.059443651421528965e-01 4.261563958095600513e-01 1.772188133833676182e-01 -8.187485730548269003e-02 1.317182080006983336e-01 2.635473361514524826e-01 3.761183840843664861e-01 1.510513098755359440e-01 1.621124659181578664e-01 1.112105989306509113e-01 2.304012311760259696e-02 1.299551138387875782e-01 3.188471679566804995e-01 8.460841073192684747e-02 7.682448848585743395e-02 2.336879696365695702e-01 7.713334592482054552e-02 -5.396704080066797721e-02 2.088754125256161998e-01 1.671509372586745812e-01 1.423304354807401750e-01 2.621355291786500175e-01 1.385402508204726657e-01
1.036025846398685724e-01 2.059462480612574697e-01 1.819590749347172187e-01 3.666040979508391473e-01 2.666719232517679727e-01 1.398479502535643626e-01 2.193641082770521333e-01 2.395961380357572446e-01 3.584051553337141427e-01 2.646674855952359517e-01 5.176969987877423351e-01 1.276622176836641476e-01 9.975002450841393697e-01 2.715972142878469997e-01 1.746429916192326903e-01 2.955559790236443329e-01 1.850711207103007683e-01 4.298626744589550963e-01 8.398483156023114904e-02 4.350218528047280486e-01 2.445472882904041190e-01 1.231140241801493701e-01 -3.222019413195335857e-02 3.686704635866406843e-01 8.539672267448139564e-02 -6.735390903687252240e-02 2.173735031350520486e-01 2.382148700945385389e-01 2.962392293833154833e-01 3.918690773858760079e-02 2.210563231518484217e-01 2.344756565428422479e-01 3.165437712269682513e-01 2.253942475443152516e-01 1.384169764409573511e-01 1.938415991133790039e-01 1.808547584563791055e-01 1.751984137755079329e-01 -3.426980120813011288e-02 2.464909069508548489e-01 7.743029978551137227e-02 2.811784835484200662e-01 1.855437695578314450e-01 2.943405508285691918e-01 1.391846651466842055e-01 3.203260081940392801e-01 1.453389600738010101e-01 1.326650444957081509e-01 1.230994660553229869e-01 1.839337286821748907e-01 8.693717083266466750e-02 7.918214633688727688e-02 3.206394285927097187e-01 1.860291465266486477e-01 1.756036216024569607e-01 4.067884478392569947e-01 3.370132864393073913e-01 -2.888824592368709199e-02 3.435856470396046469e-01 2.988456130700257174e-01 1.505751789118799089e-01 1.567749034582121281e-01 1.359708963323029429e-01 9.874656080194864349e-02
4.081205235220349004e-02 3.522356448851677868e-01 1.922065743877527377e-01 2.971270214175520952e-01 4.474691804139457885e-01 6.708274754036565313e-02 1.763493077334434278e-01 1.538662086441489607e-01 2.037870293814451894e-01 2.141804547558835425e-01 2.324312819720928958e-01 7.718886898497176463e-02 2.715972142878469997e-01 9.974997908826660487e-01 1.161538288108162481e-01 3.109780121210386494e-01 1.210653190877199192e-01 3.562685115181982165e-01 2.576475642626759044e-03 2.915596016473241958e-01 2.119664750160852873e-01 8.793738170953246946e-02 -8.772194608064890625e-03 2.272212467319252305e-01 4.429889731234515349e-02 -2.098244878971292082e-02 1.922591334467385615e-01 1.635365657629733183e-01 2.723656018825633129e-01 -2.646020115805019016e-02 1.763721902973863220e-01 3.393693681073398083e-01 2.048523965426631566e-01 1.597737988496540917e-01 1.382652819208725348e-01 1.593599343187114825e-01 2.507613543735948136e-01 2.018870479373550963e-01 -2.905661609105803303e-02 1.846830326280923529e-01 1.970764812786222064e-01 2.149324619428816252e-01 1.508390667507608640e-01 3.168568465340934059e-01 7.986079628754078064e-02 1.768829585802845772e-01 8.858703111509694250e-02 1.226385245753336822e-01 2.369083032457663662e-01 1.533507833334622206e-01 5.358859777334129548e-02 6.779787632388399599e-02 1.971318471039742171e-01 1.717279938877883660e-01 2.505303160029779264e-01 3.162265630130293714e-01 2.335523404316357243e-01 -2.780548821369095008e-02 3.259404823778896398e-01 1.925628406081132393e-01 1.433968977626791652e-01 1.109200224857307543e-01 1.262041337200529578e-01 5.663662937666367331e-02
1.517916808210264812e-01 1.069529318336601975e-01 -2.662262892240555359e-02 2.560030056675504095e-01 1.319711826525005738e-01 1.657919704035643871e-01 8.104302105507073251e-02 2.569000143575974060e-01 2.202336761182737135e-01 1.531855169385629434e-01 2.047821093346120502e-01 6.150506590038898325e-02 1.746429916192326903e-01 1.161538288108162481e-01 9.974999569297261504e-01 1.124570695606738890e-01 1.952220453032303960e-01 1.775758367382370140e-01 9.881703300139947632e-02 2.147373922629309539e-01 2.420518586915133830e-01 1.623935592993059479e-02 -1.745883384512876557e-02 1.029881484581292028e-01 6.226144283588591621e-02 -7.014689541857074828e-02 1.564215418033759741e-02 3.362334566099736133e-01 1.252077216155801365e-01 8.661235565703137573e-02 3.723309635816650365e-02 6.012565956682482810e-02 2.740050217244564545e-01 1.903343175744424964e-01 -2.105840082850865547e-02 1.071436309335359674e-02 8.938053552152686043e-02 5.111378328199479154e-02 -5.582386811159324551e-03 2.904325164141716709e-01 3.071912286429002298e-02 6.362904209186219517e-02 5.168885208535251019e-02 1.719483127922690480e-01 1.835211780843060969e-01 4.643260856493902633e-02 1.278399081717644381e-01 -9.762567914235738969e-03 5.174246300534841858e-02 1.451945287414376784e-01 9.328977942915496480e-02 1.028277064634373350e-01 1.815470333198042630e-01 1.070845909432154366e-02 8.788644003813898820e-03 1.730401810585331934e-01 1.174702626401802064e-01 -8.409268934070224938e-03 1.693291279007484995e-01 1.166343859533501559e-01 8.174597583979952009e-02 1.579394728198391107e-01 5.349193467031722327e-02 1.694008278255965394e-01
-6.474006794415620991e-03 2.473309535191396680e-01 3.173205501404283702e-01 2.904268432777181719e-01 2.779566440118270698e-01 4.010921932201320927e-02 2.018156169574849279e-01 1.437076466984836265e-01 2.117499992245160945e-01 1.526756146829403582e-01 2.345631289618612114e-01 1.163112547149990766e-01 2.955559790236443329e-01 3.109780121210386494e-01 1.124570695606738890e-01 9.974998859087307324e-01 9.262821234767666667e-02 3.133286704125143318e-01 -5.415429798013252083e-03 3.512406420844332855e-01 2.658593491728239444e-01 1.233902844533928678e-01 -8.028771851500085543e-02 2.796899919310602556e-01 6.651673900915881787e-02 -3.221583345300169099e-02 2.810698098577620319e-01 1.545441340363754579e-01 4.318641151545636880e-01 -6.243623900948447325e-02 2.447427179316155055e-01 4.064934308942524943e-01 2.106471180733059390e-01 1.365568035985642581e-01 2.040343523238372647e-01 2.310557554590959295e-01 3.477346127823741639e-01 2.702649693557809263e-01 -1.241543242709833850e-01 1.648733776673706464e-01 1.569469666006485520e-01 2.786774970019026965e-01 1.969387504125727772e-01 2.291770190352263592e-01 5.372381616100314894e-02 2.715813472575479559e-01 8.488413703948756439e-02 1.873884088826528460e-01 1.426807661728327903e-01 1.404404393685564634e-01 3.761102889886744696e-03 1.759113809950367188e-02 2.175097477095773724e-01 2.448577526669628301e-01 4.248165967353334516e-01 4.212422498377277336e-01 2.386834940020229334e-01 -8.624380678513740572e-02 2.370188989751497721e-01 2.325732053022472878e-01 1.514070364715999206e-01 7.100728274547546404e-02 1.419645949810521279e-01 4.803166264057758678e-02
4.843277498048997320e-01 3.664461717937513713e-02 -7.418938244566880558e-02 1.919758127049946139e-01 7.167288537422857042e-02 5.881071442577312514e-01 1.888054627712753564e-01 3.856342362160936621e-01 2.196717433529785934e-01 2.501951642196180714e-01 1.844314529172076944e-01 1.851969108034354494e-01 1.850711207103007683e-01 1.210653190877199192e-01 1.952220453032303960e-01 9.262821234767666667e-02 9.975001608935477604e-01 2.806943650123779888e-01 3.485806349133593329e-01 2.077936005029194788e-01 1.073980586085016564e-01 1.112029433153477881e-01 1.410999445411968978e-01 1.521845837379851851e-01 1.914323694455446201e-01 2.060762377718065516e-02 4.668241125751780574e-02 2.823780765184191743e-01 1.037414635467881346e-01 3.270818428201273664e-01 8.965042109395751635e-02 1.097781174235710061e-01 2.838058332533622830e-01 4.912951567469817094e-01 4.233320806625943261e-02 3.634954600687962528e-02 9.151540909858367490e-02 1.388128130098019442e-01 1.828173308572735578e-01 5.283360951111679693e-01 1.911934506070789991e-02 1.345233170867799477e-01 1.891977401121034408e-01 3.172918652923359395e-01 1.541983613008738874e-01 5.116184796532109030e-02 3.151373866121304212e-01 4.396579211561375822e-02 1.337120038035296832e-01 2.690222135771414558e-01 3.732664566330866074e-01 2.949459580706383366e-01 1.846592274757196672e-01 8.864320874737409428e-02 -5.923764458057059756e-02 1.607886453330150955e-01 2.175810772336224941e-01 1.776414018026280794e-01 1.365229292894395430e-01 1.488618132828535556e-01 2.475203569875576992e-01 5.172137000978702659e-01 1.902146229046352277e-01 2.656301463837162369e-01
1.761425850660844339e-01 1.891613465824884266e-01 1.687273442452720540e-01 3.079806956252077454e-01 2.356261083147407620e-01 2.105685901120787351e-01 3.601234742821027845e-01 2.605567460557866033e-01 2.898086263690798914e-01 3.798019050568589572e-01 4.134268668154600368e-01 2.109642183690339790e-01 4.298626744589550963e-01 3.562685115181982165e-01 1.775758367382370140e-01 3.133286704125143318e-01 2.806943650123779888e-01 9.975001360264343919e-01 1.559175122976823036e-01 3.741932749184430640e-01 2.085754921363126846e-01 2.277932906400003954e-01 3.247153013994261844e-02 3.702439311199149929e-01 1.589819203996748476e-01 -6.532472484204285279e-03 2.544661102952299747e-01 2.359157714549404150e-01 2.700914188144988848e-01 8.997917029518778809e-02 2.645722783600095718e-01 3.249213928448173028e-01 2.984766298671280293e-01 3.472316212546517900e-01 2.104355801880993249e-01 2.293955620259062467e-01 2.145709794868715936e-01 2.462376369952216093e-01 3.113100413490936871e-02 3.566475968662948803e-01 9.016849801422857635e-02 3.496923425778416528e-01 2.863490349162246540e-01 4.935525864191604439e-01 9.653303252879844032e-02 2.388808461633444846e-01 2.121740460799829697e-01 2.111902955599684883e-01 1.977369394906482725e-01 2.538381573673284541e-01 1.731299147788899484e-01 1.289938513840970802e-01 2.796522435333511636e-01 2.587633699478744109e-01 1.748924825847557041e-01 3.266103511297328010e-01 5.345151812593980090e-01 4.292515358333733738e-02 2.418335321757177914e-01 2.952178195446453213e-01 2.185997902023587569e-01 2.525715469887524489e-01 2.207601589214919502e-01 1.523259330529208866e-01
3.332299730490065337e-01 -7.301486026562577225e-02 -9.114103291101026405e-02 4.796881875896596287e-02 -1.236014893299437478e-01 4.260042818729893321e-01 1.889638812962947667e-01 1.957804535466598772e-01 9.911426030222979244e-02 1.254716176289430440e-01 1.026716561695451557e-01 1.930578444310015462e-01 8.398483156023114904e-02 2.576475642626759044e-03 9.881703300139947632e-02 -5.415429798013252083e-03 3.485806349133593329e-01 1.559175122976823036e-01 9.974998088431544785e-01 7.471258173603591290e-02 1.247433694887217781e-02 1.465911674288851163e-01 1.140904957752717774e-01 1.048533408518412119e-01 2.707707532701051356e-01 7.113205953585514940e-02 5.159179379405264693e-02 1.287320954837930798e-01 1.473890106257185265e-02 2.335190126294550139e-01 9.522085626371826206e-02 6.994610840962652010e-02 1.412447457899377867e-01 3.974268053049367921e-01 9.597516576981748870e-02 3.262650015795463820e-02 -8.966774744323637025e-02 1.142061559144764288e-01 1.396494854888535031e-01 2.614156807887285661e-01 -1.946545766808261552e-02 1.234209035924612591e-01 2.210588935195048343e-01 1.721938145589286540e-01 1.519047947770163498e-02 1.702315002785863979e-02 3.088396865150372927e-01 9.038806851662778419e-02 8.137812666603397305e-02 1.695360799069907665e-01 2.337252402181366207e-01 1.582544175505595507e-01 8.645201673044475288e-02 1.183060016904971257e-01 -8.352460533574636303e-02 2.659556542537924034e-02 1.462757294234267313e-01 1.448617662316300791e-01 -7.316623839504536597e-03 9.568919118540601676e-02 2.104034150668176173e-01 3.273172110492193476e-01 2.896068356260547150e-01 2.320547291056044015e-01
1.180883301853140055e-01 2.504537024597550121e-01 1.536725552609037315e-01 5.606644985132008818e-01 3.267166475836129624e-01 1.635468097596530224e-01 1.860119358590611172e-01 3.361428035497240341e-01 4.204658393950853612e-01 2.347041397337730206e-01 3.481421657609609088e-01 1.092795721469577708e-01 4.350218528047280486e-01 2.915596016473241958e-01 2.147373922629309539e-01 3.512406420844332855e-01 2.077936005029194788e-01 3.741932749184430640e-01 7.471258173603591290e-02 9.974994372681472710e-01 3.265222360328486895e-01 7.749960962639236561e-02 -5.895245559657370099e-02 2.963135147979926165e-01 6.608056848300938868e-02 -1.078493350304904896e-01 1.727989312177383996e-01 3.342816704651634385e-01 5.078343281786442676e-01 3.989958311585442563e-02 1.821191818405799301e-01 2.182537235641630602e-01 4.579474752230555668e-01 2.320223102725241238e-01 8.810754090043161624e-02 1.271986469859308633e-01 2.076961794558079277e-01 1.573383799552290907e-01 -5.850729118513820631e-02 2.898656352664518154e-01 8.928445789528521859e-02 2.263445917312788547e-01 1.444116776222203746e-01 2.811357354731572888e-01 2.138437615335794517e-01 1.940296749682774990e-01 1.594987473871103678e-01 7.915899327219014237e-02 1.097103831964018616e-01 2.100678682055948099e-01 8.073998684484551269e-02 9.266359440074098397e-02 3.660880007337948827e-01 1.372051365888616314e-01 1.720612080249871445e-01 5.104745544048702177e-01 2.633523019234537133e-01 -5.578929965907579447e-02 3.701105157520021560e-01 2.906410395827532800e-01 1.402540562176400885e-01 1.651949960099776959e-01 1.109326415036449714e-01 1.064239679260313015e-01
3.463868320717083255e-02 3.225719053359442645e-01 7.902248292254186735e-02 4.284197638439196099e-01 2.751121594218289279e-01 7.259960689294191194e-02 8.204036757753242759e-02 2.170164801389461440e-01 2.901543846192482512e-01 1.641806954877769176e-01 2.457996763204509660e-01 3.980745480772488604e-02 2.445472882904041190e-01 2.119664750160852873e-01 2.420518586915133830e-01 2.658593491728239444e-01 1.073980586085016564e-01 2.085754921363126846e-01 1.247433694887217781e-02 3.265222360328486895e-01 9.974997308767851179e-01 3.125344751882616449e-03 -2.200707650088969958e-01 1.543021886198216175e-01 -7.444548211529782022e-03 -1.607739313664753866e-01 6.969846942084303998e-02 3.854705776301268205e-01 2.511843561164633365e-01 -1.710089654275862014e-02 7.398580377265978614e-02 1.185054186083904226e-01 3.230623985235302476e-01 1.395836937248008947e-01 -2.572904312290420076e-03 5.564909536310768540e-02 1.514793191784500059e-01 6.418352100350722955e-02 -2.326454951138562099e-01 1.890630874561232688e-01 6.331358544346160633e-02 1.002545150685780762e-01 3.853400349675987352e-02 1.722758483502674909e-01 2.204449368753395033e-01 1.060461711226877712e-01 8.739143111362662752e-02 5.302547134330606871e-03 2.276419887805705700e-02 1.226143847004484977e-01 -4.981243481059159650e-02 -5.062352216181330647e-03 2.554509306358403453e-01 3.165816172982816729e-02 1.287197993403235430e-01 3.005305098198752245e-01 1.357729793984798761e-01 -2.108953493672853785e-01 2.773767736620212920e-01 1.694014190982172097e-01 4.908575016531577240e-02 5.545896502544245266e-02 2.488201427714305941e-02 5.124467831928637696e-02
5.641421393242199156e-02 -1.716786810790758844e-03 1.711096522952582633e-01 2.441668031786262821e-02 -2.442133901963262910e-02 8.271768949080569866e-02 3.495020161772849909e-01 1.618554379293399639e-02 4.595705648047229697e-02 7.656382399738059785e-02 9.215812450071478312e-02 2.472695750003342796e-01 1.231140241801493701e-01 8.793738170953246946e-02 1.623935592993059479e-02 1.233902844533928678e-01 1.112029433153477881e-01 2.277932906400003954e-01 1.465911674288851163e-01 7.749960962639236561e-02 3.125344751882616449e-03 9.975002613475666413e-01 6.290099622370456944e-02 2.637293529868753317e-01 2.249743174224657916e-01 1.242923724045539163e-01 3.037850992712261555e-01 -4.130617325469103374e-02 8.400402067758278024e-02 3.942353020173522404e-02 3.240332507772455406e-01 2.432882623481418816e-01 4.203425724897721927e-02 2.215314227453059059e-01 4.478642954098007167e-01 2.174535793211179180e-01 2.654261106179473667e-02 2.339647919242563434e-01 4.975061403591707343e-02 8.874883746905945503e-02 -5.082661278127114518e-02 3.462916553243957640e-01 4.456060100748366337e-01 1.759652356617449898e-01 -2.190126010916549903e-01 1.508048667800059861e-01 1.451745944836124735e-01 3.295429364521613169e-01 1.356990996455857412e-01 1.135357485045728476e-01 8.724632353998844347e-02 -9.356840108654961713e-03 8.537950662225587961e-02 3.813712262951989285e-01 1.187864040932292420e-01 6.124346463062331491e-02 3.248147821127010393e-01 7.886612243830944113e-02 -6.450921993538735744e-02 1.975307734056925280e-01 1.745681617102837757e-01 1.004926655745973507e-01 2.877740852701596297e-01 9.491034699039940792e-02
1.825053892937904543e-01 -1.296524761353241295e-01 -4.222213810101348858e-02 -9.477005390744078217e-02 -7.880844171701431589e-02 1.392220201165744187e-01 5.234449143173914437e-02 9.538630171647362321e-03 -8.955710619210209555e-02 2.258989253974545697e-02 -3.077641691280333380e-02 6.112317880473456394e-02 -3.222019413195335857e-02 -8.772194608064890625e-03 -1.745883384512876557e-02 -8.028771851500085543e-02 1.410999445411968978e-01 3.247153013994261844e-02 1.140904957752717774e-01 -5.895245559657370099e-02 -2.200707650088969958e-01 6.290099622370456944e-02 9.974996073343527225e-01 -1.446136323000291003e-03 9.996200460204196503e-02 3.011419844105246435e-01 1.050535698924594599e-02 -5.557509934537988028e-02 -5.937861062099554499e-02 1.676137505352166823e-01 1.843789268218098271e-02 2.393214977835676077e-02 -4.572887620467006031e-02 1.021124360128560782e-01 3.989471594684681349e-02 1.382922328761225853e-02 9.251695943089451035e-03 7.745551143778132974e-02 6.612503519891845816e-01 1.067392110157678875e-01 1.360105720321392632e-02 2.850036537764583794e-02 8.579382696141819864e-02 7.154951600338146922e-02 -1.152438619525566199e-01 -1.361595089890948150e-02 6.867338319518448420e-02 4.411217611579596604e-02 2.307184395379990871e-01 9.417142945295098322e-02 3.405401714239999489e-01 2.945059332986754153e-01 -8.752226489690784206e-02 4.885150920368597910e-02 -6.872907019435788023e-02 -6.230852680818756151e-02 4.357914008948400586e-02 6.206401510993682091e-01 -6.904641962450150383e-02 -2.858552121012078798e-02 1.254324619713378108e-01 2.100348294207020627e-01 1.068340113417277221e-01 8.887802851753535960e-02
6.424583256230743944e-02 1.328557823812232808e-01 3.175634616970033353e-01 2.480210974657704459e-01 1.556277944506608280e-01 1.097959945272835858e-01 3.692899983728946678e-01 1.638499973716150970e-01 2.809629536629828506e-01 1.404551930340900423e-01 2.536552558644263877e-01 2.400377246541429144e-01 3.686704635866406843e-01 2.272212467319252305e-01 1.029881484581292028e-01 2.796899919310602556e-01 1.521845837379851851e-01 3.702439311199149929e-01 1.048533408518412119e-01 2.963135147979926165e-01 1.543021886198216175e-01 2.637293529868753317e-01 -1.446136323000291003e-03 9.974997329411161573e-01 1.789498043592149534e-01 -2.436180425559708596e-03 5.002960733827221951e-01 1.201834634475790059e-01 2.397387802450297589e-01 1.814215367732360806e-02 4.954975363697566859e-01 3.347399699255305672e-01 2.352651477297873217e-01 2.322770290545924377e-01 3.536505058661463252e-01 2.966497402681380069e-01 1.410985868867695447e-01 2.830155916094141966e-01 -1.369318814518584969e-02 1.773942221879419023e-01 6.664596991116673863e-02 6.393926734089565578e-01 3.812022538028483343e-01 2.319748652582615811e-01 -8.736028053368996571e-03 3.204993599098908685e-01 1.616732647627546204e-01 3.450154703766227238e-01 1.644168810319155960e-01 1.684249482175465551e-01 8.045117935718301694e-02 1.674547097077199245e-02 3.785423007910647120e-01 4.363367966291808453e-01 2.354911963784217521e-01 2.692257476663642013e-01 4.272258992102232478e-01 5.719190344558767666e-03 1.462419170536060353e-01 5.308565664423494646e-01 1.962839040472969532e-01 1.275833255767716834e-01 2.401129352851518739e-01 1.016953877994158512e-01
