9.974997133206605637e-01 7.880454861197835892e-02 1.022460869802298694e-01 4.418980914873228416e-01 2.920706990800372993e-01 2.435946372294170992e-01 2.897752173883738971e-02 1.308973803185279616e-01 5.568343371979893319e-02 7.732711901140133792e-02 1.310105249531603455e-01 5.517705320096691346e-02 1.963762524393591891e-01 4.487139176000368157e-01 9.861310868144862463e-02 1.238054987394618944e-01 1.933807498755882870e-01 2.224294197376463222e-01 3.913924284598539749e-02 2.063034570732673045e-01 3.623712377509879373e-02 -2.260863824887054951e-01 -1.220336111628424897e-02 9.440975112346147724e-02 4.912210404498566080e-02 -1.888408732793200318e-01 2.274001576926265936e-02 1.536906646427305123e-01 1.875183411836983116e-01 4.519425954638207066e-01 4.200998199325251675e-02 5.116541842607680302e-03 2.331196764416449199e-02 4.050515222690305450e-02 2.882259564016208600e-02 1.767155392851316453e-01 1.252442632001516953e-01 4.847919345591959750e-02 1.322142426639535961e-01 1.621731053965070890e-01 8.244647930821154269e-02 6.264523583457376477e-02 -1.652597339271359989e-01 2.115407119294789029e-01 2.568807765192798742e-01 6.959333204512099802e-02 1.031350817109736029e-01 -6.347713727320285215e-02 1.650269312686747022e-02 5.504775223034754500e-02 1.817478936790073163e-01 7.556085553866101479e-02 3.856273784514723246e-01 2.979878576394842313e-02 1.903722804042887462e-01 2.183601607676872725e-01 1.085771445415423253e-01 -7.608814225444771560e-03 4.660720257492184659e-01 5.585145161487795051e-03 1.574051098993361694e-02 4.760989092119122246e-01 -5.147387659499343820e-05 1.369220447344125791e-01
7.880454861197835892e-02 9.975001658908505542e-01 2.202469219543947976e-01 2.746858303388751144e-01 2.420511385696308970e-01 -7.351639706163602683e-02 -1.629367572552808396e-01 -2.260358788830525989e-01 2.752595205715273607e-01 -8.562067616984589402e-02 2.992714056769925079e-01 -7.894807247131538364e-02 1.321466915911830714e-02 2.320786673644942288e-01 1.142320365055582848e-01 1.644297521711448606e-01 2.166245052344707364e-02 9.290686258679051179e-02 7.753209167014409042e-02 -1.875975696940432036e-01 2.316064404154294376e-01 -1.715684395596248912e-01 3.117843405914817734e-02 -2.950673885504226032e-02 2.766949512906734243e-02 -1.532471577213260217e-01 5.278050780852817925e-02 -6.708341974866306734e-02 1.780614526572863454e-01 1.362519788760187256e-01 1.597814809276920933e-01 3.040178663528741443e-01 -2.764805180517830238e-02 1.501393562549971882e-02 3.000392800899647217e-01 2.540696206400698265e-01 2.481964832146179856e-01 3.452256058629462054e-01 -2.116335215930072733e-01 -1.034130607572956995e-02 2.701613477849518774e-01 1.492030016777135849e-02 -6.878736734273985243e-02 4.229324899836203397e-03 -4.810979361974711266e-02 1.382424013967349097e-01 6.541042356977354311e-02 3.653730381675143191e-01 2.000727241693744940e-01 -3.863086574882947793e-02 9.053716802267548769e-02 1.064526930604403898e-01 -1.142658421411636843e-01 1.520319522635796838e-01 1.449684460543470554e-01 1.149582331822013304e-02 5.189153236088664412e-02 1.939019059616542418e-02 1.607907016739417716e-01 5.718279432622729030e-03 -4.124526593529261043e-02 4.346220586547282910e-02 4.576619337027023476e-02 6.097466734240885450e-02
1.022460869802298694e-01 2.202469219543947976e-01 9.975001133927015040e-01 2.315014910991915476e-01 1.055090755250370910e-01 4.346988517257373286e-02 4.810107382912690022e-02 -7.427791552039571255e-02 6.988640514518129621e-02 7.633724684266715577e-02 8.397347424738992039e-02 1.549441483570215827e-01 2.656176020929805759e-01 1.417970007434882773e-01 6.767815630341378341e-02 3.367013737021725683e-01 1.301030147744020593e-01 2.371029794254279066e-01 2.128838887929236923e-01 6.875794470267894420e-02 1.124001273366700970e-01 -8.705931644588535412e-02 1.544982217338867203e-01 2.308756261741430893e-01 1.956970084495142648e-01 6.597481698094131985e-02 2.293982595110420908e-01 1.054529587401037000e-01 4.002127964157339290e-01 2.042997570626255144e-01 5.747615835316913779e-01 1.197741674913775228e-01 1.178660121125492122e-01 2.205537502305555952e-01 4.945058832144067495e-01 6.935305808282708762e-02 1.925514536250339803e-01 2.581507027236971674e-01 -1.142480029372025183e-02 1.728706609282651963e-01 2.768959755790670330e-01 2.402264397545970931e-01 1.531841402954944309e-01 8.820638323919388624e-02 9.282869351569003613e-02 3.636142798750870986e-01 2.154718907005188089e-01 1.145532213057065263e-01 2.924490010592896705e-01 1.896839362896676207e-01 8.538267472218466492e-02 2.217805277322953961e-01 2.555658750458802628e-02 1.399888198115772919e-01 4.137546855557504011e-01 2.302187936920286337e-01 1.640376792273426365e-01 1.404221788297379814e-01 8.813126759861029946e-02 2.977522299751138024e-01 1.263524997753731616e-01 9.360572681891681304e-03 2.060714840888521193e-01 1.532978766046511343e-01
4.418980914873228416e-01 2.746858303388751144e-01 2.315014910991915476e-01 9.975000373275985099e-01 4.920313579057464803e-01 1.130604282086303397e-01 -3.281061105580619641e-02 -2.047314248728887565e-02 1.230399572797536561e-01 2.919586076970618824e-02 2.073444466821730003e-01 6.281289289117260310e-03 1.671175739223401124e-01 6.440291212958874079e-01 1.219967681202098614e-01 1.772954395938043382e-01 1.325815251216577173e-01 2.597662427785936146e-01 6.715065453768222226e-02 6.741138208653929542e-02 9.654463522333878167e-02 -2.222935276794982262e-01 3.490242410579018351e-02 6.829674312045624918e-02 7.077675778430281284e-02 -2.021987590283990111e-01 2.735662170823545056e-02 7.370203202979097590e-02 2.636180144824752380e-01 4.558396922682894647e-01 1.493225073955024296e-01 1.545481138543224608e-01 6.497990078320334956e-03 5.002192336941971296e-02 2.303694576035939245e-01 2.656620695645076635e-01 1.712195103145547903e-01 1.651385441088029926e-01 2.931899218968485668e-02 1.066649474496403488e-01 1.527395749598483565e-01 6.770198122534842877e-02 -1.083233806010452938e-01 1.499470244350712411e-01 1.452286759312449993e-01 1.329135675591153753e-01 1.432439977895102745e-01 1.220400767893249777e-01 1.164344355847066748e-01 3.043549123963638220e-02 1.568331237500081854e-01 1.116231481588816910e-01 1.713784869500072916e-01 1.257046901081785018e-01 2.338015496471782251e-01 1.623674102290310617e-01 1.111072919858881458e-01 1.537967415198226995e-02 4.507456166275238818e-01 3.393383501695003412e-02 9.306610539224274489e-03 2.646768432086605838e-01 6.129800251299312441e-03 1.463558573621118464e-01
2.920706990800372993e-01 2.420511385696308970e-01 1.055090755250370910e-01 4.920313579057464803e-01 9.975000193312203445e-01 4.429104780920443962e-02 -1.344019180770151395e-02 -4.832164821623130546e-03 1.718204501898001335e-01 -4.207558823680353222e-02 2.774700037444414180e-01 -1.707857525946968047e-01 5.353468907880056839e-03 4.926221963284757033e-01 1.671697604954982541e-01 -5.264494138692833031e-03 4.900985065434994292e-02 1.759684840585194476e-01 -1.929688548042231971e-02 -2.631064513575946326e-02 9.734094698413894853e-02 -7.321025163017290394e-02 3.461948611482745103e-02 -1.178966651554107098e-01 -7.050185190363156273e-05 -1.362107120766897772e-01 -1.900430971531869018e-01 -8.631953055112792650e-02 7.203858885283184743e-02 2.259035740463831432e-01 6.926859240797132722e-02 1.663099309793144021e-01 -7.939552099068482305e-02 -3.359226798465056452e-02 1.099149204691557274e-01 2.926662663059513836e-01 1.031231682076971523e-01 2.400063192220893565e-02 2.021534814114300804e-02 -2.512967842372208771e-02 -1.017942721625599012e-02 -9.098228472722333371e-02 -1.014048568825329649e-01 6.555403454247890616e-03 4.144641331823648023e-02 3.235146432265156857e-02 2.017522911027031796e-01 1.637801174658747305e-01 -5.450906643396417027e-03 -1.327722204990647858e-01 1.416735618065821378e-01 1.203310098914556550e-02 1.531681806392999612e-01 2.223875675426703058e-01 3.140262280949535773e-02 -1.830064456139016138e-02 4.191833200733937476e-02 -6.881645692876973280e-03 3.349420043414053638e-01 2.768292013999956724e-02 -1.497199037519610434e-02 1.964533757851014140e-01 -1.779999306325913411e-01 9.448718569963138192e-02
2.435946372294170992e-01 -7.351639706163602683e-02 4.346988517257373286e-02 1.130604282086303397e-01 4.429104780920443962e-02 9.974995849963994576e-01 2.948480910826229984e-01 5.381296531007490058e-01 1.722500980761492578e-02 2.015718797461662215e-01 6.815705315565946665e-02 2.103635478559977845e-01 3.417831042588439505e-01 8.458036952302888656e-02 1.450523532630390855e-01 2.015478729636355215e-01 5.368309777484759904e-01 2.107551435707291643e-01 1.861807795716607372e-01 4.659327965097319613e-01 1.424990214820126208e-02 -1.265793424504550457e-01 7.141941313481437598e-03 2.525204079712768390e-01 1.698905565203032708e-01 2.288057110281953993e-02 1.628449576219778427e-01 3.126639247170582836e-01 2.192779690999804298e-01 2.234973768355035806e-01 -5.302659948498131964e-03 -2.202879316727789361e-01 1.922330920323647441e-01 2.455474693248535234e-01 -1.780824802427375120e-01 -5.193103386730903159e-02 3.425760926506608572e-01 -4.535241692373072342e-02 5.238808705852160408e-02 4.733000909211032559e-01 5.841243226374208397e-02 2.118287268493717901e-01 6.474443902453323740e-02 3.155170188373632723e-01 6.759997334687919412e-01 8.477699498838364711e-02 1.892040900532570569e-01 -2.444001328282625618e-01 4.525385449258970821e-02 1.784334625799620655e-01 2.866087685381288330e-01 1.502758662514985522e-01 1.973922023720303121e-01 -2.507823037745895295e-02 2.310995411495011809e-01 3.768375649814508233e-01 1.806459929982179302e-01 1.215430709453775016e-01 1.541192515363516979e-01 5.985239267043858391e-02 1.587121263329046017e-01 3.261724030974598731e-01 9.126770576017124992e-02 2.354779212409018330e-01
2.897752173883738971e-02 -1.629367572552808396e-01 4.810107382912690022e-02 -3.281061105580619641e-02 -1.344019180770151395e-02 2.948480910826229984e-01 9.974996027683390443e-01 4.740120172042318059e-01 2.825290796918180150e-02 9.641943860221058316e-02 1.567855603723143990e-02 1.127679255197411301e-01 1.548923375440279804e-01 -7.770990740306357725e-02 1.193391045627369557e-01 7.852075860904846050e-02 2.041141532457737828e-01 9.614316553080200223e-02 1.784538941377406540e-01 2.554585899476262689e-01 3.412894729282157924e-02 1.846295143279989281e-01 1.760193185019677253e-01 1.344869614622896670e-01 2.076708115756278894e-01 3.647161520149866387e-01 7.373798765559264057e-02 7.251786872592380639e-02 8.128113923981242217e-02 2.673264360772530102e-02 6.900807444845091787e-02 -1.473911328974816526e-01 1.354398298496327646e-01 2.827208395442524780e-01 -7.866133312089418350e-02 -8.158613002350187382e-02 1.190866281169930124e-01 -1.468458817832604124e-01 1.233441042698486811e-01 1.926511662916051970e-01 -9.068385108787939408e-02 1.393312861275217973e-01 3.052966919646994404e-01 2.326585241468394696e-03 2.332924564027697434e-01 4.854862542467604236e-02 2.777406619108023778e-01 -1.272004646751230816e-01 4.251043239830909481e-02 8.998899820486798429e-02 2.094544355465592644e-01 1.464336780701520346e-01 1.128502584231868416e-01 8.169835719717702394e-02 6.972357779841409364e-02 1.360334016469445517e-01 9.364789269658642390e-02 1.838572450204997710e-01 -2.706958039271209482e-02 1.997059665432647790e-01 4.646906324384474929e-01 4.516177685526856500e-02 2.380702830499185213e-02 1.694951899895192071e-01
1.308973803185279616e-01 -2.260358788830525989e-01 -7.427791552039571255e-02 -2.047314248728887565e-02 -4.832164821623130546e-03 5.381296531007490058e-01 4.740120172042318059e-01 9.975000408237975069e-01 2.343727158204734692e-02 1.439471279025880679e-01 4.539916566761298226e-03 1.091380791198200001e-01 2.072656304388607040e-01 -3.985251603245068552e-02 1.433322850528719883e-01 3.093919265930484760e-03 3.065949646586846322e-01 1.066365227315202446e-01 8.643444197029327702e-02 4.832678427299577639e-01 -1.157618759482992657e-02 7.733010414565376356e-02 2.010283465155707910e-02 1.304036604377725450e-01 9.675190749090706310e-02 1.491899050790434222e-01 1.201946271619888131e-02 1.787511061862306627e-01 3.527276119691555994e-02 7.273037222685566072e-02 -6.912114250852063879e-02 -3.014496246371690669e-01 1.280073440836508314e-01 1.694937131130768715e-01 -2.919548691487047209e-01 -1.165718983125612340e-01 1.396677298380304966e-01 -3.290501490002893936e-01 1.095327283711826916e-01 2.637336121641140063e-01 -1.233991014371440542e-01 9.632063463525032676e-02 1.215795603466580110e-01 1.556462172608602812e-01 4.482516284935482154e-01 -3.656464952143892444e-02 1.965028954414436979e-01 -3.033382068725528069e-01 -1.425736967048759352e-01 7.434760799139172871e-02 1.631242038648146320e-01 2.068204671677725121e-02 2.336893827930662249e-01 -1.179716893453151838e-02 4.719575398420626511e-02 2.094428391764864006e-01 9.425564208365438956e-02 8.874715762235829697e-02 3.984402990537054545e-02 8.387873762859590632e-02 1.952873999669788585e-01 1.700853949166916401e-01 -2.714663784012231670e-02 1.455541329848274168e-01
5.568343371979893319e-02 2.752595205715273607e-01 6.988640514518129621e-02 1.230399572797536561e-01 1.718204501898001335e-01 1.722500980761492578e-02 2.825290796918180150e-02 2.343727158204734692e-02 9.975000016780884993e-01 -2.044468255447415839e-01 3.088612437128174237e-01 -1.271236565225686843e-01 -4.586156060287006897e-02 1.136874358752453518e-01 2.889401204465975592e-01 3.000591334299210211e-02 3.135247637138334487e-02 5.682697495580571467e-02 2.118361776477058200e-02 -5.770436651769719760e-02 4.724700120979061224e-01 1.108415850412987694e-02 6.257063431698504929e-02 -6.828259058872518383e-02 2.184537000849597066e-02 -6.160519076307637010e-03 -5.529828012737855042e-02 -1.094796469543388995e-01 3.579157102324678069e-02 4.765962038270249446e-02 6.771898415896372703e-02 1.501263008362069551e-01 -1.953227750437935839e-02 -4.166627072293926926e-03 7.636347409558838506e-02 1.648342548571249122e-01 1.262902700663159627e-01 4.296878334452083892e-02 -3.536433600516330350e-02 -2.088194851842353761e-02 -2.571144462993081581e-02 -3.844549811990494170e-02 1.292808020734769262e-03 -6.743480172238505710e-02 -5.540408217378307333e-03 2.702358347603034741e-02 1.207024252741442510e-01 1.736794287564369377e-01 3.998724489609616767e-02 -1.253196193459350238e-01 9.682510993981274794e-02 2.826534862184680238e-02 -1.444672729524034901e-02 2.301088094945316631e-01 -7.432205401041676318e-03 -4.003372388215985928e-02 -1.680656323012569286e-02 2.093087304394923576e-02 1.016211799897975693e-01 3.800311584278158461e-02 4.441240089865814561e-02 5.058080321825076525e-02 -1.776969643930846332e-01 9.272673420180223280e-02
7.732711901140133792e-02 -8.562067616984589402e-02 7.633724684266715577e-02 2.919586076970618824e-02 -4.207558823680353222e-02 2.015718797461662215e-01 9.641943860221058316e-02 1.439471279025880679e-01 -2.044468255447415839e-01 9.974998396930990774e-01 -1.055395704112434795e-02 1.802753763319256686e-01 3.385377939830223060e-01 -1.875731913907472542e-03 -3.175292305576063456e-02 1.587651730554320573e-01 1.687409961360714361e-01 1.185584102485504054e-01 1.255003067282220441e-01 2.282341847496825449e-01 -1.841693182334451784e-01 -8.388660908424266927e-02 4.447256847940313576e-03 2.274002949700126286e-01 1.026465885265101102e-01 2.204000477518365184e-02 1.595983777446459140e-01 2.132722939899194259e-01 1.631119976960382911e-01 1.187076550265210861e-01 4.248091152904071022e-02 -2.433293184431965517e-01 1.126195911130527944e-01 1.855434800503520942e-01 -6.438215382946078230e-03 -8.033496832782870134e-02 1.032580214530092882e-01 3.316603831827245885e-02 2.665438522049913897e-02 2.034170831950282976e-01 9.662594701685850440e-02 1.988085183122769994e-01 7.628889952306835975e-02 2.388997049721764965e-01 2.434335381736963955e-01 1.216674952459348980e-01 4.808989942117226912e-02 -1.832788631349649699e-01 7.330250755879844093e-02 1.597848293461060776e-01 7.652326090554063820e-02 1.025986620256525705e-01 8.801212797801166721e-02 -6.989660946390455210e-02 2.046117864274382692e-01 2.379357839583944589e-01 4.205751189894656461e-01 1.465788790936409514e-01 1.588423857490090310e-02 5.716706613146829707e-02 6.367871296423976979e-02 6.197899054312756145e-02 1.465755593960056113e-01 7.592081852189565272e-02
1.310105249531603455e-01 2.992714056769925079e-01 8.397347424738992039e-02 2.073444466821730003e-01 2.774700037444414180e-01 6.815705315565946665e-02 1.567855603723143990e-02 4.539916566761298226e-03 3.088612437128174237e-01 -1.055395704112434795e-02 9.975000488995329206e-01 -1.567537038803686056e-01 2.310482002076112706e-02 2.032738045822343187e-01 2.551974090540117257e-01 4.379774160996213056e-02 7.310307500160583005e-02 8.493395586877372505e-02 3.355063751122565330e-02 -3.989902540829238370e-02 1.631624131222907115e-01 -4.954691184984767044e-02 4.243563296868500812e-02 -4.814389498263455663e-02 4.090692028911244865e-03 -6.777203850786495121e-02 -5.726255733978757173e-02 -9.404134603493560784e-02 7.449881427983379156e-02 1.105612988181352008e-01 5.082608989870913974e-02 1.512214005075182277e-01 -4.079226244501161364e-02 1.589832015567536200e-02 8.222485922743569264e-02 3.383452433717287766e-01 2.201057440945439203e-01 7.342187061722602048e-02 -4.352994796341639466e-02 -6.091614867313212972e-03 1.022985652242233007e-02 -2.480489771454069681e-02 -3.964429709596465484e-02 -6.511160802843161954e-03 5.146092486024642781e-02 6.829942487165849285e-02 1.207094155731668061e-01 2.070456257350115348e-01 5.815430474858035437e-02 -2.193641758179200041e-01 2.605637260078418338e-01 5.982406789498032063e-02 1.717667505337389100e-03 1.688792524368234460e-01 2.496219765380090772e-02 -7.604064225025958593e-03 1.852745641192735659e-01 3.535103852700285931e-02 2.120104952289085243e-01 1.606171539922434180e-02 1.483522224253889382e-02 1.331115522620448521e-01 -1.426583967276731091e-01 9.654212107513414354e-02
5.517705320096691346e-02 -7.894807247131538364e-02 1.549441483570215827e-01 6.281289289117260310e-03 -1.707857525946968047e-01 2.103635478559977845e-01 1.127679255197411301e-01 1.091380791198200001e-01 -1.271236565225686843e-01 1.802753763319256686e-01 -1.567537038803686056e-01 9.975001625772575986e-01 3.409022925545140414e-01 -3.995059980085529511e-02 -7.024741133333378684e-02 3.397669349992251675e-01 2.157124478552825686e-01 1.530976992272144732e-01 2.174225927702204963e-01 2.739121492965399529e-01 -2.525561126908245149e-02 -1.741718344023948928e-01 1.989353614541679999e-02 4.557985375885302837e-01 2.293198953508590598e-01 4.060480970589196159e-02 3.915779675771123847e-01 4.857363458190737115e-01 2.960346940296036955e-01 1.523675415188592841e-01 1.099004859881424073e-01 -1.273118442336796940e-01 2.112749081474369905e-01 2.394669285506533518e-01 5.951545467274459156e-02 -1.894520488182498963e-01 1.362910183706124712e-01 1.858662491608946976e-01 1.453683727064256082e-02 3.356625342440529569e-01 2.500423332336766391e-01 3.942582053201180714e-01 1.280245111095296151e-01 2.851155212710744791e-01 2.526521070237621736e-01 1.704053527721717254e-01 4.194955844615624180e-02 -1.972035934578428296e-01 2.231005146289493091e-01 5.634231938052222111e-01 5.626550944747947536e-02 2.829919688678356193e-01 5.572577644167468758e-02 -1.692973296717951437e-01 3.644883642032086257e-01 4.104770315448967866e-01 1.536118753502130618e-01 1.148444502475654411e-01 -3.896672867079589708e-02 7.442983678391675018e-02 1.731727914392243717e-01 2.403585756435806450e-02 3.720802148718455604e-01 1.127986380475315131e-01
1.963762524393591891e-01 1.321466915911830714e-02 2.656176020929805759e-01 1.671175739223401124e-01 5.353468907880056839e-03 3.417831042588439505e-01 1.548923375440279804e-01 2.072656304388607040e-01 -4.586156060287006897e-02 3.385377939830223060e-01 2.310482002076112706e-02 3.409022925545140414e-01 9.974998962432353178e-01 1.005278544552788977e-01 4.302231704747190577e-02 4.159034812362976674e-01 3.221065755037621492e-01 2.953385534569140658e-01 2.592802675936120571e-01 4.418696699152241947e-01 8.386911115359420299e-03 -2.076941394990280965e-01 4.722090066148122711e-02 4.918220131699501674e-01 2.240704663674118469e-01 1.669618050224224576e-02 3.571060999441861838e-01 3.728886435913104647e-01 4.257378912757912026e-01 3.168940865515369465e-01 1.871894574742846706e-01 -1.209894721291966263e-01 2.275267132531148262e-01 3.254047563701766843e-01 1.118044596694439674e-01 -5.971437849775425993e-02 2.535666263558906675e-01 1.871972312109936309e-01 2.637221426659219770e-02 3.952349841783007744e-01 2.644214931964878890e-01 4.460539286712384976e-01 1.375624443638759353e-01 3.873717781084287104e-01 4.162614220910864082e-01 2.356582051032634351e-01 1.488077213330024351e-01 -1.689867403874483198e-01 2.226887246438715162e-01 3.212733775306662043e-01 1.474830590662145613e-01 2.392044546700833052e-01 1.479885149221695229e-01 -3.125682882897029558e-02 5.443364017672341904e-01 5.137396539541689844e-01 3.483344102151182398e-01 1.597499020576711726e-01 9.980428982914033020e-02 1.720873832787865598e-01 1.494147467244420491e-01 1.294160574793518648e-01 2.733572687215156116e-01 1.900871164159027016e-01
4.487139176000368157e-01 2.320786673644942288e-01 1.417970007434882773e-01 6.440291212958874079e-01 4.926221963284757033e-01 8.458036952302888656e-02 -7.770990740306357725e-02 -3.985251603245068552e-02 1.136874358752453518e-01 -1.875731913907472542e-03 2.032738045822343187e-01 -3.995059980085529511e-02 1.005278544552788977e-01 9.975003543368804459e-01 1.060034522618554242e-01 1.017958091579892616e-01 9.248208085226916619e-02 1.920838317943444618e-01 5.313306194674118250e-03 3.037670254027999284e-02 7.647558673422454045e-02 -2.269589671500978900e-01 -1.932218424066486223e-02 7.155908232179573197e-03 1.490751772570791597e-02 -2.966691223284177448e-01 -3.085966659843184662e-02 4.132772298563798519e-02 1.708567236306449133e-01 3.720995114483317545e-01 7.060281574760733647e-02 1.902669443685177098e-01 -3.676798713543671937e-02 -1.875691310685119809e-02 1.391243626109158749e-01 3.018335011842492865e-01 1.254033475180122981e-01 1.281724903134080218e-01 2.352942043502222191e-02 5.175276400843561303e-02 9.887222197318078221e-02 2.721028687593737491e-03 -1.836854741928850843e-01 1.345327054095124542e-01 1.109398889184243231e-01 8.032778609246822576e-02 9.759944247601179401e-02 1.356854021849118463e-01 6.129402088767979540e-02 -1.942283377394050936e-02 1.412700373110672980e-01 6.100199104846829035e-02 1.547856947008347250e-01 1.013835522486806334e-01 1.501211402516769988e-01 1.027330069942628682e-01 7.449007122430841010e-02 -3.512062884430125487e-02 4.812834929462003197e-01 -3.264041322892968777e-02 -4.121382767319717311e-02 2.812209049119135384e-01 -4.537535844195220852e-02 9.830321462087300566e-02
9.861310868144862463e-02 1.142320365055582848e-01 6.767815630341378341e-02 1.219967681202098614e-01 1.671697604954982541e-01 1.450523532630390855e-01 1.193391045627369557e-01 1.433322850528719883e-01 2.889401204465975592e-01 -3.175292305576063456e-02 2.551974090540117257e-01 -7.024741133333378684e-02 4.302231704747190577e-02 1.060034522618554242e-01 9.974997959259316316e-01 4.269791919955877313e-02 1.453109846957430229e-01 9.637269471867743187e-02 6.235650383609794845e-02 5.312201537490565673e-02 1.479927811901950163e-01 1.765255332059330329e-02 9.554715280658462873e-02 -1.009051694635851662e-02 1.081337632895553180e-01 3.791595140583652046e-02 -3.621241291101229276e-02 -4.202334541815697100e-02 7.256408823113721929e-02 1.018108931170480513e-01 5.420150533965712586e-02 4.625033488146534227e-02 1.758228261258660066e-02 6.284158611693488328e-02 2.351918289738556128e-02 1.167158323558483146e-01 2.304280890120532221e-01 -1.471324087099949718e-02 5.283643863019106025e-03 7.106737427272678820e-02 -7.329976764420909063e-02 7.244017936820165877e-03 4.436317983352718736e-02 -6.463358184126665081e-03 1.142067341718512041e-01 3.883213323131386868e-02 2.544990312083761363e-01 7.790558978827843983e-02 3.427335192665835473e-02 -8.215822010963336197e-02 1.295704847591798159e-01 5.358873534889063012e-02 3.955377042619192401e-02 2.254215517769020960e-01 2.958350010865683916e-02 3.346597169745495204e-02 5.372254006905043816e-02 7.618537287635709920e-02 1.087994607417226700e-01 7.402434856789265327e-02 8.297956502737936779e-02 9.401560037394597613e-02 -2.254894842896706109e-01 2.986042952681018936e-01
1.238054987394618944e-01 1.644297521711448606e-01 3.367013737021725683e-01 1.772954395938043382e-01 -5.264494138692833031e-03 2.015478729636355215e-01 7.852075860904846050e-02 3.093919265930484760e-03 3.000591334299210211e-02 1.587651730554320573e-01 4.379774160996213056e-02 3.397669349992251675e-01 4.159034812362976674e-01 1.017958091579892616e-01 4.269791919955877313e-02 9.975001709106362524e-01 2.642034303495546244e-01 2.996074574765992260e-01 3.525625929094952093e-01 2.193680847619113861e-01 1.283656803872193497e-01 -2.444259455873681874e-01 9.452478127151836551e-02 4.741156765336129730e-01 2.721382034267010308e-01 1.813636932400895102e-02 5.058043986306942630e-01 3.002077206879312787e-01 6.022304194729442006e-01 2.702490643212926980e-01 2.337869909532439283e-01 3.545711535150820187e-02 2.336301794233609508e-01 3.155411454565659746e-01 2.310549870348022339e-01 -1.056474779132174878e-02 3.012734977991391450e-01 4.563531911037810862e-01 -3.653605685719585328e-02 3.731633594073865967e-01 3.671375442459059446e-01 5.287085606663263215e-01 1.564523646758972097e-01 2.493284828904831774e-01 2.523477264455250557e-01 3.442344342605349605e-01 1.365088387969056460e-01 6.119931953748083443e-03 4.471018156570090718e-01 3.291081007794153246e-01 1.337314382968254334e-01 3.403531838773084517e-01 1.077680290556363649e-02 2.368045161682552635e-02 5.435515679255263910e-01 4.796497436050428109e-01 2.321937125911409106e-01 1.753631137070147672e-01 7.196213417103433652e-02 1.264858415083229826e-01 1.707310355470375851e-01 5.607912672752156380e-02 3.325025561616132830e-01 1.892998387167177110e-01
1.933807498755882870e-01 2.166245052344707364e-02 1.301030147744020593e-01 1.325815251216577173e-01 4.900985065434994292e-02 5.368309777484759904e-01 2.041141532457737828e-01 3.065949646586846322e-01 3.135247637138334487e-02 1.687409961360714361e-01 7.310307500160583005e-02 2.157124478552825686e-01 3.221065755037621492e-01 9.248208085226916619e-02 1.453109846957430229e-01 2.642034303495546244e-01 9.974996471498047690e-01 2.338064581402390374e-01 2.306036055574428589e-01 3.365003410534734840e-01 4.329604506811855075e-02 -1.417032195150336460e-01 4.073542879832311309e-02 2.633106057975257985e-01 1.914386068812564123e-01 2.597879141384414406e-02 2.142120559314025230e-01 2.900484015144018102e-01 2.703055182850399030e-01 2.160967707927178016e-01 7.669688643033237274e-02 -1.136898298132756474e-01 2.138143867587023461e-01 2.964478829213049171e-01 -2.007334587531072953e-02 -3.830341244942191137e-02 3.939029334951161809e-01 7.505551532430880524e-02 1.076689470607429013e-02 5.391272235891682030e-01 1.295375835627767813e-01 2.374564394242651422e-01 9.414474424248586715e-02 2.699822958753608781e-01 5.170910768273945246e-01 1.362427912462677304e-01 2.145498755208215536e-01 -1.404154548999226315e-01 1.372784154624059338e-01 1.982508790452935099e-01 2.001230507319183283e-01 1.787348125211480898e-01 1.241015834039076587e-01 1.279988642588815451e-02 2.739776064800696354e-01 3.715613076568405893e-01 1.766120532230222584e-01 1.404685641479810343e-01 1.235180289985931684e-01 8.785491254520799709e-02 1.446516781241024563e-01 2.345801364992734228e-01 1.378284388482424738e-01 2.147111296214266885e-01
2.224294197376463222e-01 9.290686258679051179e-02 2.371029794254279066e-01 2.597662427785936146e-01 1.759684840585194476e-01 2.107551435707291643e-01 9.614316553080200223e-02 1.066365227315202446e-01 5.682697495580571467e-02 1.185584102485504054e-01 8.493395586877372505e-02 1.530976992272144732e-01 2.953385534569140658e-01 1.920838317943444618e-01 9.637269471867743187e-02 2.996074574765992260e-01 2.338064581402390374e-01 9.975003629485656997e-01 1.689896451784435871e-01 2.240774375705780752e-01 6.626009786826575487e-02 -1.292655022542346932e-01 7.503969166596839713e-02 2.367955244644619484e-01 1.535292658333092530e-01 -2.669501042743153973e-03 1.933110475390006910e-01 1.764130899858871726e-01 3.402047784807085140e-01 2.434590533392770317e-01 1.641969854400980589e-01 -9.478117891035184317e-04 1.636334426013437149e-01 1.910113414803228105e-01 1.303611716811773902e-01 4.027808685386675275e-02 1.935427358833618494e-01 1.425725849421678459e-01 3.169992802288719436e-02 2.908601769805759241e-01 1.683395674127708408e-01 2.245844351479024947e-01 7.617385385560632161e-02 1.728235703366273468e-01 2.317998078225180780e-01 1.712189612207530853e-01 1.673602359529409722e-01 -2.743625838574276221e-02 1.621165538638908721e-01 1.584420502923646334e-01 1.295374249395705168e-01 1.754355522319104299e-01 1.930847717595045587e-01 1.868935066305550396e-01 3.219159907469502091e-01 3.507734805148202684e-01 1.752518855254277530e-01 1.136894871421988834e-01 1.516236107393929278e-01 1.179788227180459531e-01 1.061823900418629729e-01 1.321661183117897043e-01 1.257987497397399790e-01 1.569108471405009086e-01
3.913924284598539749e-02 7.753209167014409042e-02 2.128838887929236923e-01 6.715065453768222226e-02 -1.929688548042231971e-02 1.861807795716607372e-01 1.784538941377406540e-01 8.643444197029327702e-02 2.118361776477058200e-02 1.255003067282220441e-01 3.355063751122565330e-02 2.174225927702204963e-01 2.592802675936120571e-01 5.313306194674118250e-03 6.235650383609794845e-02 3.525625929094952093e-01 2.306036055574428589e-01 1.689896451784435871e-01 9.974998739450383622e-01 1.573430444044166543e-01 8.585036591913390580e-02 -3.901676146577698345e-02 1.782469961111987355e-01 2.681665102281105550e-01 3.383349941005354133e-01 1.910823887608918970e-01 2.715493238216196703e-01 1.612244098892710031e-01 3.004172564275889301e-01 1.352808762842905854e-01 1.784558545878517921e-01 -9.181329706688667880e-03 1.817372638076415747e-01 4.768044647133438674e-01 1.357872537146925518e-01 -3.739421120254857872e-02 3.184951489608110475e-01 1.860785137823073865e-01 -8.715099686049877954e-04 2.684465933672687821e-01 2.246190074906029011e-01 2.833954772439964409e-01 2.547518713552121561e-01 1.015624618403967727e-01 1.958989767192721443e-01 2.014549346025101828e-01 1.761821726018025225e-01 7.124723671237849498e-04 2.889035681286020729e-01 2.334636967314732692e-01 1.189441680869133128e-01 2.397970909435348241e-01 3.972349222674521202e-03 6.732115989374388987e-02 2.870826773760429829e-01 2.576130457239617089e-01 1.618611420006101365e-01 2.895238121387273544e-01 -9.486801323378372258e-04 1.629516265572518718e-01 2.059975457338640847e-01 1.197922111262755655e-02 2.995404487592366882e-01 2.109875404177041502e-01
2.063034570732673045e-01 -1.875975696940432036e-01 6.875794470267894420e-02 6.741138208653929542e-02 -2.631064513575946326e-02 4.659327965097319613e-01 2.554585899476262689e-01 4.832678427299577639e-01 -5.770436651769719760e-02 2.282341847496825449e-01 -3.989902540829238370e-02 2.739121492965399529e-01 4.418696699152241947e-01 3.037670254027999284e-02 5.312201537490565673e-02 2.193680847619113861e-01 3.365003410534734840e-01 2.240774375705780752e-01 1.573430444044166543e-01 9.974994547569853154e-01 -2.813317986607259333e-02 -1.065104895531576168e-01 -6.774440024583685410e-03 3.471782021475963154e-01 1.459617370383890778e-01 4.758240743637943276e-02 2.166736083325086770e-01 3.677609672551265252e-01 2.235972702640038334e-01 1.976655999249634088e-01 3.391025472768646742e-02 -2.733032635524695886e-01 2.304851255517194331e-01 2.258295041146227145e-01 -1.071033018924398977e-01 -1.549381849019467183e-01 1.700485407112306835e-01 -5.373055311267651429e-02 8.397650972287919180e-02 3.842012659094138360e-01 7.384318847127108176e-02 2.795354775703863259e-01 9.873786224263123024e-02 3.126120480415533476e-01 4.819162106328548356e-01 8.456904048556014575e-02 1.293802266512580346e-01 -3.928525289871654946e-01 1.827582854415825409e-02 2.329419421696373171e-01 1.280096551302553898e-01 1.199647091506375191e-01 2.859816515931851155e-01 -8.453118944642797061e-02 2.777503183383499552e-01 4.602523609373167512e-01 1.843948851799412925e-01 9.938888780387265809e-02 7.379684686526997994e-02 9.510346782332772253e-02 1.411401470057808416e-01 1.694830849352402247e-01 1.451952416494997067e-01 1.502496773568301469e-01
3.623712377509879373e-02 2.316064404154294376e-01 1.124001273366700970e-01 9.654463522333878167e-02 9.734094698413894853e-02 1.424990214820126208e-02 3.412894729282157924e-02 -1.157618759482992657e-02 4.724700120979061224e-01 -1.841693182334451784e-01 1.631624131222907115e-01 -2.525561126908245149e-02 8.386911115359420299e-03 7.647558673422454045e-02 1.479927811901950163e-01 1.283656803872193497e-01 4.329604506811855075e-02 6.626009786826575487e-02 8.585036591913390580e-02 -2.813317986607259333e-02 9.974995480924931934e-01 -1.411719803404228035e-02 6.658796085590540370e-02 1.398408830902608119e-02 6.323314664219435721e-02 1.768683430892376701e-02 3.709661541529137713e-02 -3.566377419800845910e-02 9.715946590387797288e-02 5.574840808581928153e-02 1.213421742321737495e-01 1.196693907475782359e-01 3.602235441151731277e-02 4.868248192284973380e-02 1.104738910555971843e-01 9.347279792298389400e-02 1.135308174377877705e-01 9.952701749133215092e-02 -2.930464269230554503e-02 3.003568420482196494e-02 5.317046220760116709e-02 4.038599927455948507e-02 3.983594939712439137e-02 -2.994273742642675901e-02 6.816535083873760670e-03 6.522693964181647264e-02 9.193701401144500907e-02 1.266416805384770750e-01 9.852688860805541848e-02 -1.888162460618635768e-02 6.634074119888096199e-02 7.392791181814101220e-02 -1.944447342384813052e-02 1.342311740213483207e-01 6.623343941070373997e-02 2.586254036625094260e-02 -1.405960379871543792e-02 3.802917129823592951e-02 5.972357358296132707e-02 6.294814637671440616e-02 9.982339916470017727e-02 2.073291899748256478e-02 -3.204983221973593116e-02 7.712122050799184725e-02
-2.260863824887054951e-01 -1.715684395596248912e-01 -8.705931644588535412e-02 -2.222935276794982262e-01 -7.321025163017290394e-02 -1.265793424504550457e-01 1.846295143279989281e-01 7.733010414565376356e-02 1.108415850412987694e-02 -8.388660908424266927e-02 -4.954691184984767044e-02 -1.741718344023948928e-01 -2.076941394990280965e-01 -2.269589671500978900e-01 1.765255332059330329e-02 -2.444259455873681874e-01 -1.417032195150336460e-01 -1.292655022542346932e-01 -3.901676146577698345e-02 -1.065104895531576168e-01 -1.411719803404228035e-02 9.974999321843800448e-01 1.639304413477887801e-01 -1.736779672881498815e-01 -1.685269478604826954e-02 4.472515324511560086e-01 -1.834262300227709197e-01 -3.230277606575514548e-01 -2.472693097018990038e-01 -3.344919547644589208e-01 4.069150118178282982e-02 -4.863375288209962483e-02 -2.987004503777472217e-02 8.937100672758409650e-03 -5.779559222421456338e-02 -8.081830134215919892e-02 -1.654481270429673800e-01 -3.691595587169075321e-01 1.171583192421442876e-01 -1.825148898749984205e-01 -2.892388866696572469e-01 -1.247903558508197536e-01 3.424571778171023317e-01 -3.657569922554677611e-01 -1.851982133500601480e-01 -1.212519002117620620e-01 6.505172043486413813e-02 1.682923511314079329e-02 -1.542700882806543605e-01 -1.650148055975446670e-01 -7.572290682365417913e-02 -1.199881965669649803e-01 -1.307548705166129872e-02 1.429798536116377305e-01 -3.047815822323753920e-01 -2.887791182137680046e-01 -1.017356265718219605e-01 7.104681491069909927e-02 -1.922259837445297881e-01 2.611514378251414414e-01 1.016110935081694366e-01 -2.299428920341983207e-01 -1.578083574081374507e-01 -4.604323875993343584e-02
-1.220336111628424897e-02 3.117843405914817734e-02 1.544982217338867203e-01 3.490242410579018351e-02 3.461948611482745103e-02 7.141941313481437598e-03 1.760193185019677253e-01 2.010283465155707910e-02 6.257063431698504929e-02 4.447256847940313576e-03 4.243563296868500812e-02 1.989353614541679999e-02 4.722090066148122711e-02 -1.932218424066486223e-02 9.554715280658462873e-02 9.452478127151836551e-02 4.073542879832311309e-02 7.503969166596839713e-02 1.782469961111987355e-01 -6.774440024583685410e-03 6.658796085590540370e-02 1.639304413477887801e-01 9.974998989300455365e-01 6.144695548422370729e-02 2.162766255183289354e-01 3.281733377882896097e-01 6.396764682571520755e-02 -8.870691430875098094e-02 9.450853914268714240e-02 5.583976064391081573e-02 1.776366542272438676e-01 6.534574513185341382e-02 7.041177772228163212e-02 1.823278333809817409e-01 1.939840917460846359e-01 2.469485016383807935e-02 6.671162935136693006e-02 2.695637719679095864e-02 1.944433524523406231e-01 4.408021183423077582e-02 3.203320998353375443e-02 9.488342645611407000e-02 2.991485823916754661e-01 -1.752823385768961240e-01 -1.641202135146261482e-02 8.858775803062608756e-02 1.777174853070987437e-01 1.418289356899436471e-01 1.332167766237443707e-01 4.206782889194307651e-02 6.493376700104890042e-02 1.222218944117567929e-01 -7.563825401460839981e-04 2.114707697155842614e-01 7.488685389489301014e-02 1.333000131678212241e-02 4.601362128191838208e-02 2.452031090186755080e-01 -2.058191871034452045e-02 2.011042637126183030e-01 2.360456819113802840e-01 -5.098296495617607449e-02 4.792635887398811328e-02 2.136596612733221434e-01
9.440975112346147724e-02 -2.950673885504226032e-02 2.308756261741430893e-01 6.829674312045624918e-02 -1.178966651554107098e-01 2.525204079712768390e-01 1.344869614622896670e-01 1.304036604377725450e-01 -6.828259058872518383e-02 2.274002949700126286e-01 -4.814389498263455663e-02 4.557985375885302837e-01 4.918220131699501674e-01 7.155908232179573197e-03 -1.009051694635851662e-02 4.741156765336129730e-01 2.633106057975257985e-01 2.367955244644619484e-01 2.681665102281105550e-01 3.471782021475963154e-01 1.398408830902608119e-02 -1.736779672881498815e-01 6.144695548422370729e-02 9.974999517489149259e-01 2.345464615791929275e-01 6.241060114223701688e-02 5.190446391758706257e-01 3.667484001360860613e-01 3.971168634200759606e-01 2.098200779692815376e-01 1.655558632915635486e-01 -9.752968316060381393e-02 2.573867309112104484e-01 2.991715714367890189e-01 1.112615036088070442e-01 -1.139392495765599173e-01 2.053983619999014132e-01 2.401076172158602418e-01 1.278541144388342307e-02 3.778571045962993424e-01 2.809215788371057787e-01 6.671830433506422686e-01 1.949757203356338731e-01 2.849916132376596467e-01 3.019374521214714946e-01 2.312065572143597314e-01 1.004580091208941983e-01 -1.468874140882973633e-01 2.757519273301867191e-01 3.752611954984612641e-01 9.712733685020008556e-02 2.595376603051638420e-01 7.255810989286473611e-02 -6.014920211879096201e-02 4.785721438551338025e-01 5.183598706463948824e-01 2.647914170299813241e-01 1.561359447012385659e-01 9.584706926599104865e-03 1.280531558052780960e-01 1.665546557213905821e-01 3.480934533940602954e-02 3.494739977664466091e-01 1.536033325493073864e-01
