9.974942369615746873e-01 8.938784591768306198e-02 5.916199862663435935e-03 3.405425919739339946e-01 1.178691921468718179e-01 2.210442976783551228e-02 2.770400701389168913e-02 4.115171180066336254e-02 -2.616166710906802848e-02 6.654141648946779175e-02 -2.986960169641342949e-04 7.653543646742215489e-02 2.667153965836720902e-02 1.938558456315183087e-01 -7.394805962468701047e-03 2.798935274795046058e-02 5.204094916090584722e-02 1.580327012478235926e-01 5.051654965222661386e-02 3.796033264618463993e-02 2.042567450153235167e-02 -9.925989919485925239e-02 -1.067674833195405779e-02 1.346724368854692634e-02 7.168609748805576838e-03 -1.062002503315696428e-01 2.107143022922431871e-04 9.445703880716034562e-02 -2.537424143746691216e-02 1.479886010998001933e-01 -4.713693483010654439e-02 2.914710510835598692e-03 7.551759725819628954e-02 4.709257255808931703e-02 4.302102166750483569e-03 4.809641813979406710e-02 2.442541794784443276e-02 -3.217997503080456678e-02 3.942169962322650267e-02 1.063561219124004031e-01 4.608457746311792058e-02 -1.097760467280594135e-03 -2.235764183310674086e-02 9.902567786082461243e-02 8.956709870106564775e-02 -3.799093056087830128e-02 -4.254888089780288485e-02 -1.105765503683629747e-01 -9.771064879646329526e-02 6.669367952597736460e-02 2.765911017816943818e-02 -3.584299434578183327e-03 3.896978287741486024e-01 2.825217813178924897e-03 6.522282527618991632e-02 8.468450990412737522e-02 2.005866038145111448e-03 -8.140507290283545416e-03 2.971133005493542534e-01 -2.742021553537636602e-02 4.648468801312603815e-02 7.052577188965857002e-02 5.141822291029712888e-02 9.785689979800173480e-03
8.938784591768306198e-02 9.974932228494278741e-01 2.714982168098876159e-01 1.496157277793947471e-01 2.748057825930353970e-01 2.488119882622685797e-01 6.118378028222397347e-03 3.308372726664112751e-01 6.940166233117121830e-02 5.735488996181321159e-02 1.720540250248029090e-01 1.998645592415219593e-02 1.591963723745540293e-01 1.957819275798592662e-01 4.740686098518620550e-02 1.486152508917420179e-01 1.990448909532452626e-01 1.107437241430770242e-01 2.942264213327189237e-01 2.209322673433069539e-01 2.510068990526194144e-01 -2.633936843710288356e-01 5.847913821899777126e-02 -7.084907062385395124e-03 5.185911162322990459e-02 -1.218574882694201250e-01 -2.213125323376146161e-02 1.254946920555520540e-01 1.370454537466970213e-01 1.755181786124719034e-01 9.683651262782497215e-02 5.718545993198931310e-02 6.025998302884950919e-02 2.302010776766637984e-02 1.396175487787020553e-01 3.150876902165236637e-01 2.802254082558985337e-01 -1.961567205692795607e-02 1.594294670343670769e-02 9.203831786637761692e-02 1.257501843502142891e-01 -1.206946631037719986e-01 4.131932706095593072e-02 2.616505686001902586e-01 5.146400361826454217e-01 1.776701566244392183e-01 5.558113699485611736e-02 -2.401891677071201631e-02 4.411316793933719310e-02 1.130711856036072105e-02 1.584776102654897600e-01 4.996430739041418656e-02 8.785117692554858526e-02 5.771818959679775318e-02 2.261190792995658727e-01 1.644197200925063829e-01 7.490510430412472553e-02 3.938554821740261613e-02 1.636019979641776811e-01 1.384382618061486547e-01 5.583100694700483119e-02 1.323072189772472873e-01 8.752336446115202562e-02 6.013928964736274529e-02
5.916199862663435935e-03 2.714982168098876159e-01 9.974939432236543668e-01 9.770277311003673637e-02 3.175601759671235480e-01 2.887040078541585064e-01 -7.693445958656727757e-02 2.825328495373657378e-01 2.580515970751800503e-01 -2.318320686464088454e-01 2.177023698744813274e-01 -3.025583758247867294e-01 3.623787326098384942e-01 2.424739684101989146e-01 1.425505590346294316e-01 1.043061538476783290e-01 9.412588238323159329e-02 1.472559012373153842e-01 1.872815113083525496e-01 3.675518541838285191e-01 2.180394044983990920e-01 1.216000250099488478e-01 3.949341041926022755e-01 -8.514272944294815071e-02 9.033313343483492797e-02 2.752738358323271184e-01 -9.226496013212653891e-02 -1.541207446325877362e-01 4.964169272340184236e-01 2.798065202339247715e-01 5.975812145998661284e-01 4.728327156776787610e-02 -1.529326185440374186e-01 -1.590779001498012213e-01 5.742462971261108606e-01 3.161537949590821350e-01 1.301498391345057293e-01 -1.606530278549368473e-01 2.922497134202674957e-02 -1.631124749446301869e-01 -6.214682954202076226e-02 -1.342707181217993040e-01 2.821417016578325887e-01 -9.680793765882390531e-03 2.000842501558871001e-01 5.660366131217743346e-01 3.868302556526517222e-01 -4.508673358532017117e-02 -5.043464469008286655e-02 -2.949880972983717764e-01 1.484603456931873899e-01 -7.819396093007709159e-02 6.946137712223668381e-02 3.300290865092739834e-01 2.288586734212434415e-01 5.730818967463707780e-02 5.166982306329158739e-03 1.842371580358596606e-01 -5.525002215115085852e-02 6.346647673685087421e-01 -8.322036263457328886e-02 8.605039619067203494e-02 -1.233576163522491498e-01 1.158846876580917618e-01
3.405425919739339946e-01 1.496157277793947471e-01 9.770277311003673637e-02 9.974935199349914683e-01 2.553887441121983071e-01 6.829530375710642087e-02 2.441896253862670119e-02 8.677063381294909672e-02 2.292881103643720428e-03 5.986358559981878880e-02 2.364661312600796830e-02 6.752525560691603757e-02 8.557058053421319477e-02 5.073779983373611913e-01 5.925198722037266358e-03 4.746690442960130318e-02 6.808076884415664720e-02 1.247225995132106302e-01 7.809932344295150708e-02 9.713329213548518859e-02 5.181524196698334556e-02 -9.325976832460487753e-02 5.494239589539526986e-02 -2.420648194624148031e-03 1.156623747953479907e-02 -8.286246610312682226e-02 -1.661280123193165439e-02 1.106566569698444608e-01 3.978253395594649744e-02 1.910391316433628361e-01 3.436548657824192721e-02 3.298167712008114039e-02 7.336681832831280781e-02 3.663708001517348989e-02 8.633025942787872498e-02 1.263999099290431249e-01 6.344463346431940265e-02 -6.078786726266262319e-02 3.162048989675884936e-02 4.892700036695273036e-02 5.797220996469638898e-02 -2.348341369615024668e-02 1.641169543565751052e-02 1.467905037891653608e-01 1.424223241397932771e-01 4.749063512239247442e-02 4.627327789612866935e-03 -1.782356527041303873e-01 -8.914282008404839086e-02 4.625077410806872902e-02 6.276641258393672596e-02 5.092607831351368686e-03 4.589957514055493237e-01 8.592753486984228140e-02 1.392772979234945807e-01 6.441061584359641934e-02 -5.659270368919009156e-03 1.458135471800462921e-02 3.462355060508621185e-01 4.883326590962673575e-02 5.384229670274886387e-02 1.008454180492402152e-01 5.567014292807834219e-02 2.235850229114037108e-02
1.178691921468718179e-01 2.748057825930353970e-01 3.175601759671235480e-01 2.553887441121983071e-01 9.974931683284827821e-01 1.415074845622522060e-01 -5.794113955536402127e-02 2.017185541018861883e-01 1.521641905379048088e-01 -1.441268820195033551e-01 1.581285865960259385e-01 -1.714901872318919385e-01 2.084492273239932358e-01 4.790986575943553261e-01 1.039755518907478360e-01 3.915054686545514639e-02 5.071263687789661495e-02 2.685717395944833275e-01 1.095323122557873702e-01 2.420178811344650127e-01 1.452052706192505649e-01 5.005897057881411594e-02 3.257275026737618262e-01 -6.661306752470561032e-02 6.787902810923400476e-02 1.010466742607604301e-01 -7.153761831095492574e-02 -8.915168200780307362e-02 2.341617927640915198e-01 4.078555854518410850e-01 2.539947681877383623e-01 1.116657750281304096e-01 -1.054427512978543674e-01 -1.319143033407467469e-01 2.594189973535075966e-01 3.501028755563467820e-01 7.456649324298289527e-02 -1.646601644958911592e-01 3.798091723795452013e-02 -1.127484770330723501e-01 -3.908160321766175616e-02 -1.188373228040304069e-01 1.327118412286802662e-01 1.346478020092930919e-03 1.346208425385802543e-01 2.370416380921365196e-01 1.828113337627887414e-01 -1.003741484722634886e-01 -1.040596885866864885e-01 -1.702057637025911341e-01 1.375415492994648270e-01 -7.299923758077590807e-02 1.423301853665573935e-01 2.619132774571120148e-01 1.308541978902612590e-01 5.584321091792239511e-02 -1.177560909826198127e-02 1.180654144835038000e-01 7.346802326479606737e-02 2.638967424705501719e-01 -5.399412725698652521e-02 8.866039844470252618e-02 -7.610914223031503556e-02 9.582178761848329784e-02
2.210442976783551228e-02 2.488119882622685797e-01 2.887040078541585064e-01 6.829530375710642087e-02 1.415074845622522060e-01 9.974936479543403678e-01 1.146343900574016590e-02 3.205475649397751536e-01 7.561956231171040876e-02 1.763729606031578124e-03 1.057245066710642695e-01 -3.885221671466775745e-02 1.737035032112476951e-01 1.072128024870019763e-01 5.418413537212268122e-02 1.512856621272013757e-01 3.729973422317896525e-01 5.249554661844543085e-02 4.226661092787306617e-01 2.406177307763348594e-01 1.394479827665648375e-01 -1.713168835944279822e-01 8.085495587685360974e-02 -1.163244949728529237e-03 4.565350502706651270e-02 1.466387577560249178e-03 -2.966122410952912528e-02 7.345282429171305638e-02 2.089896768247364034e-01 8.604152529272300620e-02 1.518244009465644084e-01 4.097464746592312940e-02 3.573360380899864852e-02 3.807461611733630596e-02 1.690529434732570280e-01 1.790439559948782122e-01 2.986058825848962872e-01 2.472240581768365281e-02 2.224578975432554145e-02 7.193895475247585880e-02 6.888155666243535313e-02 -5.734698540670776779e-02 7.863918675458811403e-02 1.542056465827641443e-01 2.792128921745811176e-01 3.215200428011840139e-01 1.094742816530600849e-01 3.609833049786329018e-02 1.589092602041750069e-01 -3.699934821928062972e-02 2.274605929356168788e-01 8.630479737011632901e-02 3.615029905811684846e-02 8.744745222556757347e-02 1.899699089179693878e-01 9.282844360178030274e-02 7.195472367958499760e-02 1.453885780608260569e-01 6.894894350165366170e-02 1.867054987220778395e-01 6.739317945568368273e-02 2.109431851282396186e-01 3.771954412877807222e-02 9.185462985008030490e-02
2.770400701389168913e-02 6.118378028222397347e-03 -7.693445958656727757e-02 2.441896253862670119e-02 -5.794113955536402127e-02 1.146343900574016590e-02 9.974942671296138652e-01 1.074023451149470204e-02 -9.663909143139069735e-02 1.851819921023211135e-01 -7.649265870541821499e-02 1.924715351947844377e-01 -3.164724648167720200e-02 -2.969793152747147655e-02 -7.597372018376603864e-02 2.489235914412320227e-02 7.555847563929812827e-02 -4.196902255257416170e-02 6.162267305050302818e-02 1.674455467167943606e-02 -2.101864140453428217e-02 -1.265432449108372936e-01 -1.765652187899792169e-01 5.297807638540323605e-02 -3.745322167527570523e-02 -1.025029871617519073e-01 3.117668341639808979e-02 2.343155299049220208e-01 -1.037442283893706685e-01 -8.293625196086788776e-02 -1.098174928722406019e-01 1.768913844619889215e-03 1.799504437604011464e-01 3.000688650314045081e-01 -8.509922205494077629e-02 -9.792507058531915720e-02 -2.869315785487908110e-02 8.413286674963217637e-02 1.659102486026197559e-02 1.325425179466924730e-01 1.214162340968803766e-01 1.122165955996718423e-01 -4.841748927835477084e-02 1.574234322035854838e-01 7.477091539113407681e-02 -8.347396889772959461e-02 -9.953209746896342358e-02 1.812717604603399091e-02 7.720066823564294967e-02 1.778516103726366093e-01 -1.128167626595581730e-02 1.898857364318334018e-01 1.310645824828649691e-02 -1.049296305644388944e-01 4.358348488778780033e-02 2.797546349661199361e-02 9.064139064496105208e-03 -5.805074495054543537e-02 1.015778499049099365e-01 -9.956830289439537462e-02 3.336215604711816884e-01 6.802059629998691292e-02 1.423740339163259150e-01 -4.381269490124675703e-02
4.115171180066336254e-02 3.308372726664112751e-01 2.825328495373657378e-01 8.677063381294909672e-02 2.017185541018861883e-01 3.205475649397751536e-01 1.074023451149470204e-02 9.974935987984849817e-01 1.404288407400570704e-01 -6.328576173925888615e-02 1.959509482572498740e-01 -9.844246408402076987e-02 2.339817332800895044e-01 1.375719971748023962e-01 9.010462222099928364e-02 5.016471779501494033e-02 2.113917420833017757e-01 9.479245962838671324e-02 4.766913247998250114e-01 3.851438645621530488e-01 2.859378663141422527e-01 -9.157322764139277926e-02 1.478853089341909399e-01 -8.587811142279287713e-02 7.177585823474701143e-02 4.349142122040548092e-02 -1.393068974151438211e-01 8.930396241854494932e-03 2.141967775797984086e-01 1.785806713731211692e-01 1.988181903744912216e-01 3.286377155758578826e-03 -3.000951280336634774e-02 -9.174797809173200827e-03 2.018192015746250734e-01 1.822782167440511747e-01 1.338520548955379752e-01 -1.544901282875109916e-01 3.174774067047928666e-02 -2.879621546736409188e-02 2.238938185305872769e-02 -1.359046379766070956e-01 9.924830167875861586e-02 8.804087586022971146e-02 2.427975634429737073e-01 2.474550945834851357e-01 1.858314006407017493e-01 -5.454751807301902455e-02 -2.383373734127142152e-02 -1.043124073535827978e-01 1.184607266764455824e-01 -1.057404622477468338e-02 5.883814669872357295e-02 1.268163094693387227e-01 1.383303195924493467e-01 5.863664602453397962e-02 -9.127465339638726402e-03 8.938349882558765946e-02 5.056224559480905489e-02 2.340454497435886516e-01 6.984380441309328592e-03 1.218050061122005201e-01 -1.101566800327444598e-02 1.001945705090020317e-01
-2.616166710906802848e-02 6.940166233117121830e-02 2.580515970751800503e-01 2.292881103643720428e-03 1.521641905379048088e-01 7.561956231171040876e-02 -9.663909143139069735e-02 1.404288407400570704e-01 9.974933553820308774e-01 -4.192824888849824294e-01 3.961768667784936193e-01 -3.602378793044634375e-01 1.392517651008157165e-01 1.022086799871036733e-01 2.498816087704617550e-01 -4.150063768968768191e-02 -4.072393332283170270e-02 8.472757193005645004e-02 1.062228361639261376e-02 1.319507697544090308e-01 1.879287217056903325e-01 2.191533321920887123e-01 3.117074656525292697e-01 -1.002269137754539796e-01 1.599863645964055003e-01 2.347560652365210387e-01 -1.027459065149329831e-01 -2.764794705248323492e-01 2.657942929561483147e-01 1.763695296039209937e-01 3.393773005772597884e-01 5.378365130273552591e-02 -2.566951174751294085e-01 -2.283243142531189984e-01 2.506487725555355817e-01 1.544196307443874150e-01 -4.179182914673825605e-02 -1.539021634015453055e-01 2.974759129803512814e-02 -2.183587228056957097e-01 -1.694965952222152183e-01 -1.104843511672161660e-01 1.484719227901771799e-01 -2.271463312767426634e-01 -7.415642356983559447e-02 2.472918014251563879e-01 3.644044029324802203e-01 -4.059790603642662171e-02 -8.377703829215588094e-02 -3.548009629167310219e-01 6.016850566330150807e-02 -1.013459123941229667e-01 5.986264143886765171e-03 2.463868779134616438e-01 -2.941602658732650824e-02 -3.139773750329651752e-02 -5.510053827985988278e-02 1.639524220041490565e-01 -1.064282951315056180e-01 3.086472107822123001e-01 -1.089794330302680664e-01 3.965830176995324696e-02 -2.290070468769334899e-01 1.507606780551603576e-01
6.654141648946779175e-02 5.735488996181321159e-02 -2.318320686464088454e-01 5.986358559981878880e-02 -1.441268820195033551e-01 1.763729606031578124e-03 1.851819921023211135e-01 -6.328576173925888615e-02 -4.192824888849824294e-01 9.974938524386915972e-01 -3.001964847946781423e-01 6.529881638384671394e-01 -1.159206324679837169e-01 -7.509294700752973395e-02 -2.863301596398990512e-01 1.356769600130477982e-01 1.518714490136427175e-01 -8.631821307342721350e-02 1.083902125542354350e-01 -8.095650031674730962e-02 -9.119435164058153909e-02 -3.743394225765211969e-01 -4.543532044018048222e-01 1.493501378138741842e-01 -1.454804858746502061e-01 -3.062644113002668256e-01 1.311421419046485126e-01 5.600949836693743800e-01 -3.134038769959747728e-01 -2.142864891517138048e-01 -3.468335268584289977e-01 -5.080614411756213117e-03 4.730405672393706018e-01 4.434980242318055099e-01 -2.602304178445936089e-01 -1.660008346116793598e-01 1.640118225879952929e-01 2.408354165362290022e-01 -3.167000899453042279e-02 3.769296773492952779e-01 3.833965686535935058e-01 1.541916181943884800e-01 -1.588561078735223897e-01 5.452750262710792661e-01 2.871732422865055923e-01 -2.653774412827944462e-01 -3.393227421434823476e-01 6.530333999977414039e-02 1.630188181932350489e-01 6.388906224882837659e-01 -3.692244626006098429e-02 2.039592202625419293e-01 2.902936767593993980e-02 -3.150371168096043895e-01 1.785282526425738259e-01 1.020733752471648381e-01 1.074761285381831827e-01 -1.927475434146781463e-01 2.047012809381724696e-01 -3.273337154788182879e-01 2.173433167838977331e-01 2.037910688587867350e-02 4.987969955824562707e-01 -1.726078516144198272e-01
-2.986960169641342949e-04 1.720540250248029090e-01 2.177023698744813274e-01 2.364661312600796830e-02 1.581285865960259385e-01 1.057245066710642695e-01 -7.649265870541821499e-02 1.959509482572498740e-01 3.961768667784936193e-01 -3.001964847946781423e-01 9.974939204016197714e-01 -3.277851248418897079e-01 1.242721640916061299e-01 1.041723099785044071e-01 2.556192870629263036e-01 -2.785457967483293690e-02 2.612655903233792633e-03 1.026667548438588984e-01 6.470945464997376884e-02 1.341750947918403658e-01 1.432083733325195118e-01 1.230114511591484106e-01 2.524186722553705131e-01 -9.248328061856017634e-02 2.680570225213400604e-01 1.415511525246785918e-01 -9.857927835245364201e-02 -2.221601534570468162e-01 2.179619656276215178e-01 1.767623915013090130e-01 2.357724642390467973e-01 2.364864494534308151e-02 -2.585050356755587142e-01 -1.937018617680381916e-01 1.936557487995337890e-01 1.696239827100502195e-01 -3.031067001436908021e-03 -1.493069626091699520e-01 4.459086154116924383e-02 -1.774773829957052296e-01 -1.231500152942247850e-01 -1.190550992779643713e-01 1.036342062940010245e-01 -1.576972273252928436e-01 1.809720068014851468e-03 2.096263237945791280e-01 2.315577091660521170e-01 -5.424981584806061463e-02 -7.190705380058270979e-02 -3.331733224275181260e-01 8.534911305185315100e-02 -6.883854509538481214e-02 1.732789220948055542e-02 1.825946536836881573e-01 -9.273662620334632845e-03 -9.892175179637181445e-03 -4.491627102792276893e-02 1.152518617540880946e-01 -4.510164823194577621e-02 2.346227563573785035e-01 -6.764568441755818007e-02 1.270409178462036659e-01 -1.771416516878467351e-01 1.878293100812951644e-01
7.653543646742215489e-02 1.998645592415219593e-02 -3.025583758247867294e-01 6.752525560691603757e-02 -1.714901872318919385e-01 -3.885221671466775745e-02 1.924715351947844377e-01 -9.844246408402076987e-02 -3.602378793044634375e-01 6.529881638384671394e-01 -3.277851248418897079e-01 9.974937477307136424e-01 -1.549730970992030388e-01 -8.929638411998469527e-02 -2.374721159801493897e-01 1.119033881612979675e-01 1.342443096788309698e-01 -9.807799015330015413e-02 7.718625205153868685e-02 -1.207325545312499526e-01 -1.038616064849865184e-01 -3.763714651811684853e-01 -5.026144292742205089e-01 1.587042473731470893e-01 -1.360537250472866611e-01 -3.331038384010996944e-01 1.402641707942534066e-01 5.966492018773602579e-01 -4.029443967918632241e-01 -2.402339680139497502e-01 -4.011527858101372468e-01 -4.135108022358639432e-03 5.357154114064711647e-01 4.292927566094795200e-01 -3.122886325945353758e-01 -1.935174021063489069e-01 1.338850262153151727e-01 2.592287526385169683e-01 -3.378551631076505413e-02 4.052764257037324569e-01 3.529560082468271021e-01 1.751271290314778684e-01 -1.825186890293464814e-01 4.723963405823092820e-01 2.348848639617677203e-01 -3.455596914572628964e-01 -3.880367240580351873e-01 6.499497330299616737e-02 1.619928695296993237e-01 7.142937531640846105e-01 -5.207241860974789333e-02 2.073166315201426524e-01 3.269633796612556736e-02 -3.314338103857401574e-01 1.353149385495774903e-01 9.726969137919613817e-02 1.012525427968993530e-01 -2.003533916588713382e-01 2.263837336469869399e-01 -3.978614551613331440e-01 2.277277558031778615e-01 1.178201832977700259e-02 4.642790222755294738e-01 -1.503706947144752004e-01
2.667153965836720902e-02 1.591963723745540293e-01 3.623787326098384942e-01 8.557058053421319477e-02 2.084492273239932358e-01 1.737035032112476951e-01 -3.164724648167720200e-02 2.339817332800895044e-01 1.392517651008157165e-01 -1.159206324679837169e-01 1.242721640916061299e-01 -1.549730970992030388e-01 9.974934180923707983e-01 1.744777186373503430e-01 7.905551461551964254e-02 7.965034017983356474e-02 8.780927703913284088e-02 1.318163741963820079e-01 1.709677748955940602e-01 4.849372444482325517e-01 1.248765088534800061e-01 5.018909786808192774e-02 2.351710032642074788e-01 -4.585904689213257668e-02 5.159974750928368603e-02 1.452463553403090524e-01 -5.558996684292676765e-02 -6.446401758950202898e-02 2.639731223251150505e-01 1.875392159562198346e-01 3.087039153190314633e-01 1.245002215500379955e-02 -5.941286544512848489e-02 -6.793719848499320257e-02 3.605128331168599431e-01 1.605615907771024420e-01 8.263178289624531492e-02 -1.439599364823974659e-01 1.561877487488021882e-02 -8.629787194189633692e-02 -3.186873999230180332e-02 -8.004169480128897618e-02 1.689311836482469409e-01 3.133639117865733709e-02 1.264342313658624595e-01 3.173803404826562868e-01 2.089767173584989590e-01 -4.800401046584956699e-02 -6.581478740873052125e-02 -1.539688454011459706e-01 7.756733956763987858e-02 -1.046715398959948001e-01 6.546902931235561163e-02 2.453901326678166461e-01 2.443304904564365110e-01 4.061576693891395806e-02 7.343470606825226732e-03 1.118197124056411751e-01 -1.466302570166875575e-02 3.332030579908793477e-01 -6.848580706396059647e-02 4.629101280788135153e-02 -6.116394283495071860e-02 6.907399196788227558e-02
1.938558456315183087e-01 1.957819275798592662e-01 2.424739684101989146e-01 5.073779983373611913e-01 4.790986575943553261e-01 1.072128024870019763e-01 -2.969793152747147655e-02 1.375719971748023962e-01 1.022086799871036733e-01 -7.509294700752973395e-02 1.041723099785044071e-01 -8.929638411998469527e-02 1.744777186373503430e-01 9.974931505470853166e-01 6.886269778568143707e-02 5.662142792959905246e-02 4.515003994130598747e-02 1.846680633789417048e-01 6.678668174763567611e-02 1.714173451348549593e-01 1.000372717208059120e-01 1.559658091680808309e-02 2.375395115500395504e-01 -3.794308954766746622e-02 4.659946485881561601e-02 4.924712761824753815e-02 -4.497382484950428194e-02 -1.941652250800120910e-02 1.732232924021560594e-01 3.383005990136424557e-01 1.931631178347426314e-01 9.514605265424462555e-02 -3.817234168835447611e-02 -7.328221793020103791e-02 2.270946642201583376e-01 2.625201986976732349e-01 7.239235599027474266e-02 -1.189618868039831884e-01 3.530212105079328505e-02 -5.881254608623226465e-02 -6.044303059062988009e-03 -7.651582338319648513e-02 1.084303350851531927e-01 5.789493134090070714e-02 1.256227730250888408e-01 1.765015542173569152e-01 1.274874742293979901e-01 -1.238071986896620014e-01 -9.441795574847922090e-02 -9.556471181356944455e-02 1.076529155502470719e-01 -4.161822150658806702e-02 2.506118901533316290e-01 2.758534370097870392e-01 1.889859268572861573e-01 5.401974200454046776e-02 -5.606475909456459447e-03 9.387719928765397848e-02 1.885519325017157855e-01 1.976481226254251655e-01 -1.362479442302527710e-02 9.219391108747315711e-02 -3.092453652607394382e-02 6.896981878377773933e-02
-7.394805962468701047e-03 4.740686098518620550e-02 1.425505590346294316e-01 5.925198722037266358e-03 1.039755518907478360e-01 5.418413537212268122e-02 -7.597372018376603864e-02 9.010462222099928364e-02 2.498816087704617550e-01 -2.863301596398990512e-01 2.556192870629263036e-01 -2.374721159801493897e-01 7.905551461551964254e-02 6.886269778568143707e-02 9.974940943654718728e-01 -3.258521389614242592e-02 -2.901402637466522078e-02 6.158484346339846566e-02 5.150756062565799154e-03 7.419142377810500344e-02 1.141670060504527962e-01 1.271561053435359412e-01 2.210571554427442353e-01 -6.385938886518244262e-02 3.184481016271872300e-01 1.228263336777997011e-01 -6.190712317445028201e-02 -1.922698397515180402e-01 1.564624743938108908e-01 1.421812937188559889e-01 1.714497689292002469e-01 1.273110739858971524e-02 -1.795969816450271039e-01 -1.945222001801972522e-01 1.385586488430547714e-01 1.086731331231579056e-01 -2.857817386393618486e-02 -1.081855337511760107e-01 2.049334782261653942e-02 -1.449604793729173946e-01 -1.172755373163893722e-01 -7.539992153785975149e-02 7.837271962668801439e-02 -1.573739095814372102e-01 -5.165437285701363762e-02 1.421899361736297107e-01 1.623007351472245674e-01 -3.624486754446425846e-02 -6.444301917677214275e-02 -2.324547077759534786e-01 4.169116744409422093e-02 -7.282554000304901354e-02 6.831447681472268413e-03 1.471657644113854024e-01 -2.892058982343650303e-02 -2.186634464535598676e-02 -3.643072873889559304e-02 8.992477868384718409e-02 -5.852812915230086455e-02 1.644559096932339815e-01 -7.739970235025593615e-02 2.748480829318439289e-02 -1.579380597294519351e-01 4.007022647577602181e-01
2.798935274795046058e-02 1.486152508917420179e-01 1.043061538476783290e-01 4.746690442960130318e-02 3.915054686545514639e-02 1.512856621272013757e-01 2.489235914412320227e-02 5.016471779501494033e-02 -4.150063768968768191e-02 1.356769600130477982e-01 -2.785457967483293690e-02 1.119033881612979675e-01 7.965034017983356474e-02 5.662142792959905246e-02 -3.258521389614242592e-02 9.974934582230285951e-01 1.278049871146686722e-01 2.953836994626609161e-02 1.193519704951162969e-01 7.549950221879200840e-02 4.387403558970333350e-02 -1.784088004826734908e-01 -6.662437154635521275e-02 2.921466027589702530e-01 -1.398349565816962500e-02 -8.083288124861473523e-02 2.536535930052695731e-01 1.647717963547542241e-01 1.031131116183137408e-01 -3.808097113699922265e-02 -5.399495130364662457e-03 5.863981229698039116e-02 1.637111862757455460e-01 1.018417387380558536e-01 3.236759941778229871e-02 4.783847236372724965e-02 3.535726408231915086e-01 2.290293498074728318e-01 -7.136105734824635394e-02 2.310976077604265932e-01 1.181464649277004925e-01 1.211906868424904027e-01 9.342880762914777815e-03 2.528276342809059885e-01 2.414663995976030209e-01 1.203318207378419880e-01 -3.498772427456367518e-02 1.309119564916844669e-01 1.838278252834745219e-01 1.177995754684368207e-01 5.428139343301352504e-02 9.146867343962099273e-02 2.487424565940887441e-02 -2.041428471683616117e-02 3.579447748691148012e-01 2.698114055477758289e-01 3.739051770881565151e-01 2.615533924848530839e-04 6.375658733088594710e-02 1.177146672829827365e-02 5.772289079796898842e-02 1.444618757924337124e-02 1.140730882875870683e-01 -1.185084061486183817e-02
5.204094916090584722e-02 1.990448909532452626e-01 9.412588238323159329e-02 6.808076884415664720e-02 5.071263687789661495e-02 3.729973422317896525e-01 7.555847563929812827e-02 2.113917420833017757e-01 -4.072393332283170270e-02 1.518714490136427175e-01 2.612655903233792633e-03 1.342443096788309698e-01 8.780927703913284088e-02 4.515003994130598747e-02 -2.901402637466522078e-02 1.278049871146686722e-01 9.974942253525869162e-01 1.684073435458358081e-02 3.946186304927412625e-01 1.796417036715283466e-01 7.328741604429706014e-02 -2.879367168700650570e-01 -9.521580149885210120e-02 4.651937522311331424e-02 -4.353733498977134173e-03 -1.165844516541347797e-01 1.394720850060151250e-02 2.123624486901395381e-01 2.227021538507890225e-02 -7.224828052679902954e-04 -2.161163472865005805e-02 1.514722053385762768e-02 1.663039732425712902e-01 1.893842379297046574e-01 1.990258792838223156e-02 5.019428186879119208e-02 2.050368519355109942e-01 7.928560178964634553e-02 5.826557162461460521e-03 2.366756832922878862e-01 1.351416245298308061e-01 3.294796106880662750e-03 -4.448481375461400475e-03 2.402595036236796211e-01 2.978632650886632316e-01 8.144874186216298495e-02 -3.408468459980196208e-02 2.269241587593308004e-02 1.099889265002088473e-01 1.288962464147373477e-01 9.983233910241261222e-02 1.037616181911473201e-01 4.140906829947788720e-02 -4.417025971217858338e-02 1.628513302348156833e-01 1.076475229080672419e-01 7.149397178244024098e-02 8.551290650737336865e-03 1.229315925226000944e-01 1.390346741732933177e-02 1.097142236878809463e-01 1.611182371070678521e-01 1.327508729287859013e-01 8.894191288598640721e-03
1.580327012478235926e-01 1.107437241430770242e-01 1.472559012373153842e-01 1.247225995132106302e-01 2.685717395944833275e-01 5.249554661844543085e-02 -4.196902255257416170e-02 9.479245962838671324e-02 8.472757193005645004e-02 -8.631821307342721350e-02 1.026667548438588984e-01 -9.807799015330015413e-02 1.318163741963820079e-01 1.846680633789417048e-01 6.158484346339846566e-02 2.953836994626609161e-02 1.684073435458358081e-02 9.974942176736713018e-01 4.567222702923598443e-02 1.125751826829410052e-01 6.783401955078013912e-02 3.746236236126389979e-02 1.767716910817818121e-01 -2.790964567023417747e-02 4.298514241498271188e-02 5.797053295275858553e-02 -3.033330783204701842e-02 -5.912844050102773752e-02 1.196083349627416748e-01 3.072715091042196867e-01 1.289345290714939973e-01 1.159802244805934260e-02 -5.738366767411792052e-02 -6.885692408800668518e-02 1.322482819528995879e-01 1.291215752637391301e-01 1.386339036075766480e-02 -1.202902369889761180e-01 1.774291431534135918e-02 -4.523228510627515242e-02 -4.153284582918158330e-02 -5.575823287483039348e-02 8.211314440239915469e-02 -1.561830266289763146e-02 4.788476906983676201e-02 1.149047392471576612e-01 9.527538836296273184e-02 -8.577061877480310348e-02 -1.379647737718588951e-01 -9.683268702457130395e-02 4.873818776988492196e-02 -1.326762787998823911e-01 1.039792163800309088e-01 1.511015911891760710e-01 5.738670831078722390e-02 1.393042740412545888e-01 1.368003026560389926e-02 6.236583057811007080e-02 3.978902157776599557e-02 1.322859557738297887e-01 -7.524503573455605665e-02 2.908655797634698142e-02 -5.450600021163723441e-02 6.032708223255484753e-02
5.051654965222661386e-02 2.942264213327189237e-01 1.872815113083525496e-01 7.809932344295150708e-02 1.095323122557873702e-01 4.226661092787306617e-01 6.162267305050302818e-02 4.766913247998250114e-01 1.062228361639261376e-02 1.083902125542354350e-01 6.470945464997376884e-02 7.718625205153868685e-02 1.709677748955940602e-01 6.678668174763567611e-02 5.150756062565799154e-03 1.193519704951162969e-01 3.946186304927412625e-01 4.567222702923598443e-02 9.974941772863636924e-01 3.196663908964609280e-01 1.538009190018851391e-01 -2.996973191279366233e-01 -2.277714789470136267e-02 -7.463527702566060198e-03 1.945075521329974952e-02 -8.718473918306229864e-02 -4.862401345303504763e-02 1.882153898581712115e-01 9.573820230998170144e-02 6.224956886650909182e-02 5.499764111113415038e-02 -1.356340552980082881e-02 1.219666512740449349e-01 1.519592052300814400e-01 9.249850721736746495e-02 1.070049310794627534e-01 2.287292970884740873e-01 -5.512391226450176485e-04 1.338063808544621633e-02 1.357750662932985797e-01 1.278660569180225526e-01 -7.521440269104240350e-02 3.210633171209265058e-02 2.477810144771255552e-01 3.764667322229511282e-01 1.588405929657321636e-01 3.587169338816910413e-02 -1.772964032065380002e-03 7.819404490931027019e-02 6.779890986494578609e-02 1.173017997461516665e-01 7.379627172036568039e-02 5.071695686339305897e-02 5.625719848068842094e-03 1.914815684536960161e-01 9.779005205565523273e-02 5.349886709099339888e-02 3.773740178843313503e-02 1.157832617884980986e-01 1.011703305944303549e-01 8.491103568356909992e-02 1.393464108757555275e-01 1.115420824449575021e-01 4.006117157330101042e-02
3.796033264618463993e-02 2.209322673433069539e-01 3.675518541838285191e-01 9.713329213548518859e-02 2.420178811344650127e-01 2.406177307763348594e-01 1.674455467167943606e-02 3.851438645621530488e-01 1.319507697544090308e-01 -8.095650031674730962e-02 1.341750947918403658e-01 -1.207325545312499526e-01 4.849372444482325517e-01 1.714173451348549593e-01 7.419142377810500344e-02 7.549950221879200840e-02 1.796417036715283466e-01 1.125751826829410052e-01 3.196663908964609280e-01 9.974933312332188162e-01 1.611130550114711069e-01 -1.780044751378008494e-02 1.946284433904431621e-01 -5.214259828503596539e-02 5.300647099390366768e-02 1.113074457976413745e-01 -7.290857159376337715e-02 -1.699415657626152099e-02 2.422302695139356143e-01 1.810822034563116800e-01 2.944580685570105660e-01 1.868027943805698060e-02 -2.589796429142103562e-02 -2.535977938160172487e-02 2.994026789738929994e-01 1.744970528794779208e-01 1.136201471813443609e-01 -1.156058042675510156e-01 2.192936982066791274e-02 -4.486852498278262602e-02 3.410952810842783622e-03 -8.898272271657317600e-02 1.641792728613749586e-01 7.003348578304305350e-02 1.962643376261702932e-01 2.877695413138678937e-01 2.028694429726285997e-01 -4.164159634028210405e-02 -3.023716531583915679e-02 -1.221866513909694307e-01 9.903113671094901371e-02 -3.948643837033769671e-02 7.778273241585631492e-02 1.888209955257665884e-01 1.893103078810097206e-01 5.395813746081153106e-02 8.058320650491695991e-03 1.016618259769601768e-01 1.713767716175510630e-02 3.579867255730559417e-01 -1.697833593361968568e-02 8.352790808818430501e-02 -2.844797240684707185e-02 7.323063282603212154e-02
2.042567450153235167e-02 2.510068990526194144e-01 2.180394044983990920e-01 5.181524196698334556e-02 1.452052706192505649e-01 1.394479827665648375e-01 -2.101864140453428217e-02 2.859378663141422527e-01 1.879287217056903325e-01 -9.119435164058153909e-02 1.432083733325195118e-01 -1.038616064849865184e-01 1.248765088534800061e-01 1.000372717208059120e-01 1.141670060504527962e-01 4.387403558970333350e-02 7.328741604429706014e-02 6.783401955078013912e-02 1.538009190018851391e-01 1.611130550114711069e-01 9.974933922317751334e-01 -1.266465674874218093e-02 1.296554675198658413e-01 -3.812404320118978340e-02 6.405987437512217220e-02 5.074406098678251043e-02 -5.171129461863442633e-02 -3.820612724075417299e-02 1.802237670548506032e-01 1.201476066864509973e-01 1.572710175685792522e-01 2.216649637624869273e-02 -5.165609450493194310e-02 -5.189804061811921498e-02 1.508337854027319569e-01 1.386484748574995929e-01 7.610402591809319051e-02 -7.074013731212561162e-02 1.510046862318236392e-02 -3.776884117016804376e-02 -9.728375567776123903e-03 -7.338274842474148962e-02 7.449914265225608678e-02 2.056349885488841650e-02 1.312737192415932008e-01 1.747844041877214261e-01 1.353842317239458137e-01 -2.464644586320174219e-02 -1.606173867752657552e-02 -1.033012959954050652e-01 7.156253743446941429e-02 -1.881972191120079296e-02 3.388348259274075180e-02 1.050363329695532949e-01 7.944381134916447817e-02 5.881412245465704458e-02 6.237008260372177426e-03 6.712975527584019719e-02 1.399097222763655626e-02 1.694707249394052651e-01 -1.666985610578083227e-02 5.748269398583449874e-02 -3.726893075796085947e-02 7.638152033786506367e-02
-9.925989919485925239e-02 -2.633936843710288356e-01 1.216000250099488478e-01 -9.325976832460487753e-02 5.005897057881411594e-02 -1.713168835944279822e-01 -1.265432449108372936e-01 -9.157322764139277926e-02 2.191533321920887123e-01 -3.743394225765211969e-01 1.230114511591484106e-01 -3.763714651811684853e-01 5.018909786808192774e-02 1.559658091680808309e-02 1.271561053435359412e-01 -1.784088004826734908e-01 -2.879367168700650570e-01 3.746236236126389979e-02 -2.996973191279366233e-01 -1.780044751378008494e-02 -1.266465674874218093e-02 9.974939015200516845e-01 3.908950110388079158e-01 -1.330499455645760554e-01 6.090946776565575593e-02 4.633429625312088240e-01 -1.063620627546578296e-01 -4.234265189302318655e-01 1.925914101292364733e-01 1.349140221526332062e-01 3.325908700271945628e-01 -1.504965389231015076e-02 -3.331141676902883986e-01 -2.861579380713156207e-01 2.066640073167340386e-01 2.905950666768173166e-02 -2.856613023145895824e-01 -2.055985254519472338e-01 2.864550936792280983e-02 -4.242439864367167912e-01 -2.577513538855061848e-01 -7.809068676458789937e-02 1.671816936391330444e-01 -4.379375915480746562e-01 -4.399448896859805558e-01 1.337316104987582299e-01 2.831778771901279357e-01 -4.905283071740944301e-02 -1.679480204123645348e-01 -3.593524384252738679e-01 -4.081961229071948138e-02 -1.777208576866821377e-01 -5.067169319452136111e-02 2.818841693011507887e-01 -1.947012332488110564e-01 -1.528608473494456055e-01 -1.396056626120466548e-01 1.327121988585017176e-01 -2.891534063575347813e-01 2.569534457221174795e-01 -1.917340302420477982e-01 -9.012622679467702236e-02 -2.798383979008776112e-01 6.528386338301958580e-02
-1.067674833195405779e-02 5.847913821899777126e-02 3.949341041926022755e-01 5.494239589539526986e-02 3.257275026737618262e-01 8.085495587685360974e-02 -1.765652187899792169e-01 1.478853089341909399e-01 3.117074656525292697e-01 -4.543532044018048222e-01 2.524186722553705131e-01 -5.026144292742205089e-01 2.351710032642074788e-01 2.375395115500395504e-01 2.210571554427442353e-01 -6.662437154635521275e-02 -9.521580149885210120e-02 1.767716910817818121e-01 -2.277714789470136267e-02 1.946284433904431621e-01 1.296554675198658413e-01 3.908950110388079158e-01 9.974938290324011358e-01 -1.539205849631415934e-01 1.191453583057395793e-01 3.653022483466205061e-01 -1.394000122127754537e-01 -3.886524942390622295e-01 4.553418190211710459e-01 4.444213349493998377e-01 4.843493294199962551e-01 1.841531357041478745e-02 -3.551196653415398807e-01 -3.378203161196011162e-01 4.248082607152320334e-01 2.505448355772850189e-01 -7.974205622324362364e-02 -2.871945118267643648e-01 4.583605457186651355e-02 -4.275474684753525212e-01 -2.255260409353251616e-01 -1.641171265498176657e-01 2.479776140152251673e-01 -2.938617957735435438e-01 -1.164760729543112688e-01 3.819813893237020141e-01 3.828715904354200172e-01 -1.033114466378508428e-01 -1.905081317019727549e-01 -4.709643357353184290e-01 7.966484642110528702e-02 -2.014507986184739807e-01 4.092861967216785551e-02 5.050142686801299963e-01 -1.783996746444257986e-02 -7.095734433621488091e-02 -9.023053823912366433e-02 2.696190039654029480e-01 -1.539077928693466657e-01 4.473658243823446234e-01 -2.236911564081274784e-01 1.451744325775155761e-02 -2.921244805033716418e-01 1.524686121375577741e-01
1.346724368854692634e-02 -7.084907062385395124e-03 -8.514272944294815071e-02 -2.420648194624148031e-03 -6.661306752470561032e-02 -1.163244949728529237e-03 5.297807638540323605e-02 -8.587811142279287713e-02 -1.002269137754539796e-01 1.493501378138741842e-01 -9.248328061856017634e-02 1.587042473731470893e-01 -4.585904689213257668e-02 -3.794308954766746622e-02 -6.385938886518244262e-02 2.921466027589702530e-01 4.651937522311331424e-02 -2.790964567023417747e-02 -7.463527702566060198e-03 -5.214259828503596539e-02 -3.812404320118978340e-02 -1.330499455645760554e-01 -1.539205849631415934e-01 9.974941193781965421e-01 -3.803535863301928110e-02 -1.103476789688895149e-01 4.946908567696809977e-01 1.438298158202177546e-01 -7.824114893727480979e-02 -1.082157019918496554e-01 -1.324548031070207632e-01 2.243614846290525530e-02 1.653230276149525446e-01 1.153805307070053660e-01 -9.725299816727821234e-02 -7.915250419002574367e-02 1.216567608781088522e-01 2.020556403753113184e-01 -1.024994511907718620e-01 2.444211653072297930e-01 8.585567319700718181e-02 3.106867511591326902e-01 -5.543084472179135580e-02 1.421008164644126937e-01 7.845450406747953020e-02 -6.899834264706716791e-02 -1.412714318751988607e-01 9.563325073693908218e-02 1.153716566704520857e-01 1.650901744800699622e-01 -2.637935549879449545e-02 6.730539157871186229e-02 -2.485867011651581721e-03 -9.907329035688897112e-02 1.091869182622701162e-01 1.138866164606958109e-01 2.197373206487560626e-01 -5.158843035090124318e-02 4.131859228657933786e-02 -1.383730904378182025e-01 4.955928584452118368e-02 -6.162420145400540616e-02 1.035591888511015191e-01 -4.412444784337392345e-02
