9.974994750048501446e-01 1.047326182160613212e-01 1.387551769235748911e-01 3.494379216993895865e-01 2.530756358111551640e-01 2.763467016088011485e-01 3.831974156593337399e-01 2.567741689565169461e-01 1.934701665467267739e-01 1.608785199869851024e-01 1.322300937724080194e-01 2.019935115179742613e-01 1.360974089098536954e-01 3.339798378135855339e-01 2.956344282076545094e-02 2.289888101818102206e-01 1.986129723788284673e-01 2.328635291144232067e-01 2.108122755185249941e-01 1.712948477871628905e-01 1.062096404121503912e-01 3.708847216064936614e-02 2.975428277325780080e-01 1.867656223901280610e-01 1.319425814720666112e-01 2.569629360779096539e-01 1.238351677189375860e-01 1.782579651299662782e-01 2.013700879102370556e-01 3.949840662868999708e-01 1.263475244703507749e-01 1.910565192821681024e-01 1.939565275715706139e-01 2.122775771394107835e-01 1.933057068396887290e-01 3.492947167820814602e-01 1.605128828509527761e-01 2.255619629789427094e-01 3.647435512235411847e-01 1.652674327479770611e-01 1.553045994379181061e-01 2.614843696347622370e-01 2.372230057821503868e-01 1.615620776493383037e-01 1.895283319489927398e-01 1.314714837947657533e-01 2.262505211441993014e-01 2.515735414181852758e-01 2.178425488661286102e-01 1.703233887831157867e-01 4.031206214765610807e-01 3.068590528011903018e-01 2.984352617088551485e-01 3.071504454831551212e-01 1.727105821916652961e-01 1.644486816283649844e-01 2.212460567403298772e-01 2.192438166070880545e-01 4.376394705286144604e-01 1.242425680553947143e-01 3.495005086170545616e-01 5.649597051354384725e-01 1.960563089006134574e-01 2.182042822933108750e-01
1.047326182160613212e-01 9.974996726314248052e-01 1.468940526161996996e-01 1.505531918242605516e-01 1.617157837624241257e-01 7.900168865834417131e-02 1.253763020131065109e-01 1.056481688957987969e-01 2.286718320229210455e-01 8.017372466355932037e-02 1.097501311249290540e-01 9.209069643884239265e-02 1.441749435109741795e-01 1.481896569519947915e-01 -4.872292431753959263e-02 1.728994515961704836e-01 8.756432314553655449e-02 2.020918672432588381e-01 8.165464085892965018e-02 1.280500899219919608e-01 4.593571087875614745e-01 2.721710157089873849e-02 1.025213984808917983e-01 1.742384831166506887e-01 3.631496928792243145e-02 1.170408931154162391e-01 1.302915983522483778e-01 7.709140290106850091e-02 1.600407099082268858e-01 1.242796527550634467e-01 1.480527066845247208e-01 1.674190831362844800e-01 9.274390351974878821e-02 9.349718472281348669e-02 1.432665400606408512e-01 1.307116297504470337e-01 9.706464926884911248e-02 1.588910982603884969e-01 8.796440886860383557e-02 9.206034066582184650e-02 8.057069305704994688e-02 1.902839112252791565e-01 8.497528757883010542e-02 7.974334320571427326e-02 7.437643660944631696e-02 8.879935353879055138e-02 3.755521369226941242e-02 1.328421670817300226e-01 1.198899642888578143e-01 7.662531739786891671e-02 1.280035135071251606e-01 1.330438735200977773e-01 1.480347882723190567e-01 1.702964474879694878e-01 1.993850962999962895e-01 1.721013494303995084e-01 1.700107348944304708e-01 1.037603418231894115e-01 1.327507701707432985e-01 1.515207458482524250e-01 1.065902175098473181e-01 1.059982452114831136e-01 1.031437341335389446e-01 4.534060784667432592e-02
1.387551769235748911e-01 1.468940526161996996e-01 9.975006641650432382e-01 2.535055582052166967e-01 3.116330158812223305e-01 1.494164207557985291e-01 2.006497050693419604e-01 2.064295801654325579e-01 8.451057601802743069e-02 1.611932716395320930e-01 1.909132675686615183e-02 1.848958685408106095e-01 4.894787939690959933e-01 2.544039453463173839e-01 -1.421755791446019934e-01 2.408518461016528889e-01 1.641120012216615021e-01 3.839445937555135968e-01 1.673773634363405760e-01 3.413680352145639918e-01 1.661994021480065475e-01 1.708978378219344896e-01 1.683749637613461969e-01 3.838333580720703075e-01 -2.652561843117544338e-02 2.490941605613823662e-01 1.944907048579322950e-01 1.092353271431445866e-01 3.279201678125760466e-01 2.095225918328214032e-01 4.802569234691250744e-01 2.393810887445506908e-01 1.794344248224896132e-01 1.840138754462730675e-01 3.739874348006849147e-01 1.802015499338792959e-01 1.280150286804573878e-01 2.050136362502026355e-01 1.282162347787976775e-01 1.319675683778931963e-01 1.894959510177419149e-01 2.448614207708106338e-01 2.043930957690901218e-01 1.749939982021459506e-01 1.543828782161186242e-01 4.751903631444595599e-02 1.280620028080959316e-01 1.500795967332174685e-01 1.104980309756939255e-01 1.618374967851337887e-01 1.136731405762739511e-01 1.217078887106925605e-01 2.774921313903218612e-01 3.193929021851693584e-01 4.268369724590834746e-01 1.815016616695522000e-01 2.411205073440518265e-01 1.376766061413300657e-01 2.184806576797557465e-01 5.480906156472542534e-01 1.674796905085574050e-01 1.169700236571952351e-01 2.361650957820060348e-01 -1.632467772914492424e-02
3.494379216993895865e-01 1.505531918242605516e-01 2.535055582052166967e-01 9.975001229132032243e-01 5.392441702319648034e-01 2.122676681880446004e-01 2.985021765996333509e-01 2.661102228253128810e-01 1.178890268366446364e-01 2.074337084517850482e-01 5.533228945910054208e-02 2.540128500947114731e-01 2.792150330205723230e-01 6.705494608217379415e-01 -9.909172853539839620e-02 2.055353380239798855e-01 1.773743903501315278e-01 3.871599860240980684e-01 1.960777433216308041e-01 3.223298153437483826e-01 1.534760126994126339e-01 4.690249730304732467e-02 3.653481943347507421e-01 2.322732077903082171e-01 3.217854350016458032e-02 3.108072326452730461e-01 9.694036325489026329e-02 2.288856757714353707e-01 2.300934756985965612e-01 5.154438823853534357e-01 2.909384576633103903e-01 1.870553470189945111e-01 2.474210146931744847e-01 2.655784754008071458e-01 3.423066104629390871e-01 4.298707561632124641e-01 1.582856371858303579e-01 1.913217768014258691e-01 3.747657977367385707e-01 1.136501257298736106e-01 2.331771212077314859e-01 2.369333519665175469e-01 2.554308761875406231e-01 2.321223903763834917e-01 2.301976018372058619e-01 4.538963699816567915e-02 1.744280117887353487e-01 1.924439723451709661e-01 1.469922485157580672e-01 2.239359850340317259e-01 2.626721122896015226e-01 2.145851724728925491e-01 5.255830846976775605e-01 4.430927299911362471e-01 3.074899807455195866e-01 1.389145081910743151e-01 2.006139098780422569e-01 1.941575489547980593e-01 5.889802521897392618e-01 2.563926146011851759e-01 2.946663669937544250e-01 3.047775546748576758e-01 2.755131811806270647e-01 8.166252949860666743e-02
2.530756358111551640e-01 1.617157837624241257e-01 3.116330158812223305e-01 5.392441702319648034e-01 9.974996932984772080e-01 1.779310443467320146e-01 2.526837293480724833e-01 2.271492722893321270e-01 1.130721264449536245e-01 1.726030554469429601e-01 5.293513795915817666e-02 2.077026008717753336e-01 2.832204186549647229e-01 5.978974633316276321e-01 -8.672353854155914754e-02 2.109048673747566660e-01 1.532255686282222029e-01 4.423387778970101492e-01 1.669191444776072786e-01 2.818266555801136608e-01 1.519100487754701800e-01 5.869350864609768070e-02 2.916949474210714932e-01 2.465338295563563875e-01 2.407092036834469068e-02 2.720200722630006784e-01 1.243915203705702188e-01 1.802073805279965635e-01 2.469380541753002090e-01 3.460412868890940796e-01 3.053049680094352403e-01 1.902452539573948331e-01 2.025198290031109405e-01 2.153520166039695760e-01 3.101446652541011706e-01 3.703810643872086916e-01 1.453646091229644499e-01 1.903621129846733151e-01 2.911869995864808658e-01 1.034945278195993912e-01 1.976634663419755689e-01 2.302906500791851441e-01 2.222301964692792176e-01 1.925781486572534507e-01 1.908964339759415263e-01 6.197278941794193835e-02 1.487570838646452009e-01 1.819721252554770130e-01 1.400564096812836612e-01 1.769735454771236283e-01 2.162579551792211952e-01 1.854257450437583610e-01 3.632599561562758206e-01 3.960522243339741344e-01 3.128846016312329947e-01 1.492356116896578488e-01 2.043251925470384867e-01 1.717620928934227853e-01 3.791610834575467881e-01 2.824004856821907827e-01 2.458188116365884746e-01 2.254291646918695491e-01 2.362426991911313334e-01 6.137602530046019911e-02
2.763467016088011485e-01 7.900168865834417131e-02 1.494164207557985291e-01 2.122676681880446004e-01 1.779310443467320146e-01 9.975001889691446078e-01 4.853740940913900404e-01 4.824230616694096807e-01 1.440259519273618671e-01 2.458646732419728365e-01 8.564090938733756597e-02 2.868884303611071163e-01 1.684478505427557671e-01 1.999468261409824144e-01 4.051182163744154741e-02 2.568825588342196209e-01 4.866821159499487015e-01 2.440612469712748478e-01 5.625447114464400267e-01 2.098029725541941670e-01 9.162266283366844732e-02 4.164520441148619745e-02 2.344196439745734883e-01 2.206112249327680241e-01 1.525333866038190989e-01 3.967235166536109414e-01 1.732470993994077446e-01 2.660376792592259454e-01 2.316560162593493399e-01 2.448019461562666310e-01 1.739368236352429875e-01 1.849665602310257839e-01 2.916516596027693420e-01 3.305342710617432123e-01 2.425874664561659677e-01 1.845043582917829939e-01 2.352501562742453367e-01 2.417273801184925686e-01 1.468894080102456090e-01 3.058836676158492307e-01 2.006932832857140636e-01 2.878963822317037735e-01 4.098318452317689098e-01 2.244864616636847998e-01 2.772734027431951742e-01 1.251626940254880194e-01 5.313634425261568595e-01 2.537476446341895286e-01 2.395953894321937727e-01 2.493208287379458654e-01 2.558153038546042701e-01 2.413954793130406451e-01 2.173927642840119412e-01 3.255100188726479660e-01 2.145477210991145189e-01 1.735682182646857974e-01 2.632289858430083562e-01 2.702053919273124660e-01 2.284640195874563517e-01 1.491916085389165814e-01 3.041916308052985407e-01 3.124443084653404368e-01 2.747728396419565899e-01 2.479989919484232863e-01
3.831974156593337399e-01 1.253763020131065109e-01 2.006497050693419604e-01 2.985021765996333509e-01 2.526837293480724833e-01 4.853740940913900404e-01 9.974997343828537755e-01 4.705519071197898362e-01 2.096463600455010512e-01 2.854272915710920344e-01 1.205210484122703762e-01 3.499261340403787557e-01 2.216589119714651446e-01 3.013259207822072683e-01 4.788351596860682124e-03 3.170233128602434336e-01 3.791057427466478780e-01 3.160202584679520643e-01 4.097889683348084899e-01 2.640250827107915033e-01 1.334018849601261714e-01 4.660277874600819020e-02 2.882769950700809769e-01 2.851434883632663619e-01 1.418606154194137492e-01 4.098655622601709014e-01 2.179108946227172328e-01 3.052316755231111456e-01 2.835474068719758267e-01 3.173301116550553691e-01 2.289484555977480407e-01 2.520623909879223801e-01 3.326272151987101910e-01 3.686803494802697312e-01 3.017373549897280349e-01 2.839203794240283130e-01 2.497349929209691788e-01 3.002677261798292752e-01 2.434144585594561760e-01 2.846400812638929523e-01 2.469417916652352218e-01 4.076966462418120107e-01 4.142299144953967560e-01 2.695558153980145422e-01 2.984593335066590969e-01 1.449572694300658438e-01 3.871997896539154382e-01 3.130717987907178368e-01 2.693854263968982754e-01 2.963889717243023414e-01 3.350777382986923625e-01 2.901199817642235446e-01 2.920087420724956639e-01 4.306917964424878398e-01 2.760876237154892276e-01 2.220821998000942765e-01 3.274988706843726671e-01 2.780077426434943710e-01 3.087930992062009605e-01 1.990543911879189554e-01 4.838655533326492453e-01 3.472476075437549992e-01 3.195136214729730195e-01 2.198555769841137597e-01
2.567741689565169461e-01 1.056481688957987969e-01 2.064295801654325579e-01 2.661102228253128810e-01 2.271492722893321270e-01 4.824230616694096807e-01 4.705519071197898362e-01 9.975000730647308744e-01 9.164292422301002772e-02 3.630687821297924889e-01 3.742431575325134985e-02 4.130638539952353749e-01 2.753815706407484187e-01 2.425503513753634877e-01 -5.630516654409685462e-02 2.696548536904563309e-01 5.668806941007230593e-01 3.310016539067757169e-01 6.127300258126199273e-01 3.496316187664214592e-01 1.176517529092531572e-01 1.766058834428278074e-02 2.876756506145506931e-01 2.693257653950210107e-01 8.866646521869425701e-02 5.569459167198984595e-01 1.814978779272615750e-01 4.074907625145132162e-01 2.860817313452602151e-01 3.090979814297656891e-01 2.899601119482617673e-01 1.817932912419672475e-01 4.244179280145258804e-01 4.841626901433960795e-01 3.673445640103185639e-01 1.875482228765823489e-01 2.767018470335150804e-01 2.347706944390794970e-01 1.601523397955437467e-01 3.450246351646901188e-01 3.469763543860658328e-01 2.873708905902922495e-01 4.230683188111484805e-01 3.743892897858672741e-01 4.672589193148940501e-01 7.797964016632059903e-02 3.326802746853578796e-01 2.149958391428394289e-01 2.134775582736783417e-01 3.704858568399770347e-01 2.103918563927079655e-01 2.108363238165228415e-01 3.060701685037680031e-01 4.187521838560311904e-01 3.157848066905331597e-01 1.769605597131852504e-01 2.784130965123081669e-01 2.857395607823466910e-01 2.709253870056967384e-01 2.350971196758255277e-01 3.165458897138587191e-01 2.560231070595000991e-01 4.156903157981255426e-01 1.406132317052889158e-01
1.934701665467267739e-01 2.286718320229210455e-01 8.451057601802743069e-02 1.178890268366446364e-01 1.130721264449536245e-01 1.440259519273618671e-01 2.096463600455010512e-01 9.164292422301002772e-02 9.974996172896546387e-01 2.629289640609638184e-03 4.987581376163571778e-01 4.790446935734883095e-03 1.431391030905266801e-03 1.410659148517018346e-01 1.239989707166183758e-01 3.065627062393380675e-01 9.637629357094174010e-02 1.246324016730207540e-01 7.950520463107635383e-02 -3.412323411851709426e-02 1.671068288880714625e-01 5.130058178002635388e-02 1.186907480483921778e-01 1.957175325073262362e-01 2.129000792678207299e-01 8.395663921757560988e-02 2.125611488284141481e-01 -2.138707511700048414e-02 2.202399631402408575e-01 1.155270355938815829e-01 -1.346561132255257379e-02 2.515123234141796171e-01 4.493898979285661753e-03 3.786968577529370612e-03 -1.447728403898352169e-03 2.174670002577601402e-01 1.613308337046808205e-01 2.930748747052455139e-01 1.221093782004615408e-01 1.497566396549973033e-01 -5.676220385055792683e-02 3.925743252278207640e-01 8.731413801420609411e-02 -4.537040319185742937e-02 -3.623067062494837731e-02 2.988098577899955255e-01 1.250217944996933617e-01 3.064753581528223969e-01 2.918647258234969843e-01 -1.946063602242307719e-02 3.585542513632299921e-01 3.707448957007346557e-01 5.272585677729792891e-02 1.474460395870766383e-01 6.826886224627111421e-02 2.537888400965691016e-01 2.877469263903964514e-01 2.040961136752969252e-01 1.252860446807882999e-01 2.672247387395314949e-02 1.585936829185220498e-01 2.351568621972826567e-01 -5.660115796130454381e-03 2.359188239275617494e-01
1.608785199869851024e-01 8.017372466355932037e-02 1.611932716395320930e-01 2.074337084517850482e-01 1.726030554469429601e-01 2.458646732419728365e-01 2.854272915710920344e-01 3.630687821297924889e-01 2.629289640609638184e-03 9.974998813523302532e-01 -2.667634002801964888e-02 5.363085007633209278e-01 2.868170240332902354e-01 1.803696892134113994e-01 -1.820782593523052051e-01 1.567514045463659356e-01 3.498891215934298859e-01 2.537686736972684654e-01 3.385868426195767777e-01 4.016715263995037644e-01 9.323189817064364560e-02 -1.473429729676601491e-02 1.964137211378512715e-01 1.993855476769213486e-01 -1.230372911530747647e-02 3.339971125126416363e-01 1.142936336701729089e-01 5.004647160745832046e-01 1.720295958286478799e-01 2.284509248990825026e-01 2.891805372284526610e-01 9.765463493022079333e-02 5.238197393306062155e-01 5.557038331941779319e-01 3.567801877610473626e-01 1.232887702111900713e-01 1.723018891879471992e-01 1.265305469264445815e-01 1.166840771954123779e-01 2.393473168639916326e-01 3.809738351148497792e-01 1.694387003243137957e-01 2.589081893944070734e-01 5.299003809273801213e-01 3.962516184773444694e-01 -3.176525317377681956e-02 1.671934521710384813e-01 9.088607880892321522e-02 8.695344796757402406e-02 4.671448642787973671e-01 9.786559446711598498e-02 9.884276242569675630e-02 2.804668343714259438e-01 2.902302980699046353e-01 2.919362823585798239e-01 9.889890936708214952e-02 1.897621785241970782e-01 1.590592119761495282e-01 2.100199567075980434e-01 2.237783572659139686e-01 2.313104304175950532e-01 1.459796541479124188e-01 4.177223982192595497e-01 2.991295072437560876e-03
1.322300937724080194e-01 1.097501311249290540e-01 1.909132675686615183e-02 5.533228945910054208e-02 5.293513795915817666e-02 8.564090938733756597e-02 1.205210484122703762e-01 3.742431575325134985e-02 4.987581376163571778e-01 -2.667634002801964888e-02 9.974999092086819230e-01 -3.720177502301736522e-02 -6.060190162060776625e-02 7.745134350057492068e-02 1.250068252275061131e-01 2.210455525846128366e-01 4.626681838543166003e-02 5.136039590273848432e-02 3.020832648576639995e-02 -8.182558615253375522e-02 7.642783626858637436e-02 2.913862048263604621e-02 7.020027583885370126e-02 1.122218230186657617e-01 1.599580035666245403e-01 1.123005419357620861e-02 1.401351666663173123e-01 -4.520684358166862649e-02 1.684703479476530874e-01 5.714977242825648035e-02 -9.333060359878504741e-02 1.661344151192206409e-01 -3.445742248285884463e-02 -3.434954977385796387e-02 -9.183931825444352492e-02 1.560260121973831571e-01 1.213922383603453781e-01 2.074870316850683793e-01 8.022518151328963953e-02 9.739352519471575209e-02 -6.424811604622021610e-02 2.341240440737138440e-01 2.571372544062233007e-02 -5.743382063857058184e-02 -3.109979569891051232e-02 3.092739439462674489e-01 7.405173170930598459e-02 2.270598084774983760e-01 2.280860580965932138e-01 -5.696384577982878394e-02 3.066071099438895109e-01 2.719478799531492297e-01 -1.401224307633125270e-02 5.918076594196042955e-02 -7.999313378742611141e-03 1.887217804699087287e-01 1.921621643623280806e-01 1.525649535790654376e-01 6.394861536299786819e-02 -3.562403822985635293e-02 9.371965608090257471e-02 1.783446269783931504e-01 -4.971488648940269872e-02 1.925531328071811710e-01
2.019935115179742613e-01 9.209069643884239265e-02 1.848958685408106095e-01 2.540128500947114731e-01 2.077026008717753336e-01 2.868884303611071163e-01 3.499261340403787557e-01 4.130638539952353749e-01 4.790446935734883095e-03 5.363085007633209278e-01 -3.720177502301736522e-02 9.975001798308064105e-01 3.374791208231553985e-01 2.247922543904829484e-01 -1.537771036129884084e-01 1.674567051551272279e-01 3.689226984232950035e-01 2.991977341606070206e-01 3.844252339349971126e-01 4.733700988348162331e-01 1.071498068880060994e-01 -1.005387039894388088e-02 2.393582081993514410e-01 2.249980248115081016e-01 5.925183801535130468e-05 4.019198274058819464e-01 1.175819102184089276e-01 6.342501394455972719e-01 1.913579912636333147e-01 2.773550930586907715e-01 3.483160368869752110e-01 1.066506925846252424e-01 7.011459180954044967e-01 6.693820074877432358e-01 4.553032257912746905e-01 1.548294103433124347e-01 1.819459357713425485e-01 1.359636372329328935e-01 1.559478847251040967e-01 2.732641035487275438e-01 4.615376435876246131e-01 1.908420908737759047e-01 3.142826961060966595e-01 5.128325146261364376e-01 4.295032075418858675e-01 -6.379485046671037884e-02 1.978147544797654311e-01 1.016147123200229069e-01 9.560858212332523642e-02 7.041292098333975513e-01 1.193808009258378877e-01 1.157709418571656601e-01 3.377383649770802077e-01 3.489443330179372582e-01 3.479551867752838645e-01 9.899908201294391197e-02 1.928555608643346131e-01 1.765469300870069480e-01 2.560659166040840651e-01 2.635129298596328717e-01 3.218198462998317355e-01 1.787579809033422451e-01 5.541218059916922511e-01 2.276468288892821712e-02
1.360974089098536954e-01 1.441749435109741795e-01 4.894787939690959933e-01 2.792150330205723230e-01 2.832204186549647229e-01 1.684478505427557671e-01 2.216589119714651446e-01 2.753815706407484187e-01 1.431391030905266801e-03 2.868170240332902354e-01 -6.060190162060776625e-02 3.374791208231553985e-01 9.974996314104601636e-01 2.541441805504718876e-01 -2.769267307499127528e-01 1.605879517574748117e-01 2.188410946306816041e-01 4.094747499390475887e-01 2.330360906229093643e-01 6.119772641516205702e-01 1.699794767413862484e-01 5.563454079118189399e-02 1.875377258326278995e-01 3.564107937264833215e-01 -1.088747501742900192e-01 3.174193929046684737e-01 1.392319745709250656e-01 3.059983407919791842e-01 2.491271849455956588e-01 2.505461162015089616e-01 6.067011254230709749e-01 1.389813798299375514e-01 3.433683100962232060e-01 3.480380699579369019e-01 5.180455240634362912e-01 1.469750518343324319e-01 1.094003835456700824e-01 1.147608088953057104e-01 1.279195086991000985e-01 1.409363021323385978e-01 3.307981923966458737e-01 1.828042438577345830e-01 2.518121940189345653e-01 3.460382410114087870e-01 2.766667727602601934e-01 -8.963250710475836880e-02 1.282810980998161376e-01 4.386662918771888631e-02 1.024974070996382929e-02 3.126947751926220098e-01 5.359316513299244855e-02 5.744505569261178918e-02 3.846246648108952448e-01 3.628534975690972386e-01 5.515029536585631664e-01 1.054012277837044764e-01 1.805067639315832417e-01 1.078141508175993746e-01 2.561613056556215628e-01 6.293863777741075527e-01 1.846628673586700464e-01 9.671544266045489779e-02 3.727845707268248598e-01 -1.078271686804486151e-01
3.339798378135855339e-01 1.481896569519947915e-01 2.544039453463173839e-01 6.705494608217379415e-01 5.978974633316276321e-01 1.999468261409824144e-01 3.013259207822072683e-01 2.425503513753634877e-01 1.410659148517018346e-01 1.803696892134113994e-01 7.745134350057492068e-02 2.247922543904829484e-01 2.541441805504718876e-01 9.975000032754125501e-01 -6.792270314726928104e-02 2.211600699381828239e-01 1.386053294978723260e-01 3.863946269188178739e-01 1.626389854682770142e-01 2.759929294544027911e-01 1.478372483904787371e-01 5.794844649179037299e-02 3.881355960265956972e-01 2.362141699280164986e-01 4.767680442629255999e-02 2.990124901215172604e-01 1.150254728023365619e-01 1.963449965281487963e-01 2.382525146838370689e-01 4.309966599649550645e-01 2.682857598099502305e-01 2.123422439704412690e-01 2.131155554482824510e-01 2.295648402123237897e-01 3.095471074088105845e-01 5.365490919711958240e-01 1.607223964689272200e-01 2.149306284911182696e-01 4.270598895466469203e-01 7.341680859053918706e-02 2.078646282249328459e-01 2.570096794108388538e-01 2.486418806653850344e-01 2.006701586549822502e-01 2.048973167631229497e-01 7.942619395830621820e-02 1.726260376248976991e-01 2.288912980874937553e-01 1.693507648023378775e-01 1.940188137093772358e-01 2.969160045844997375e-01 2.402732541141381351e-01 4.230384429240141575e-01 4.642746581451806520e-01 2.904466888450001893e-01 1.558866341474725303e-01 2.138916359166606884e-01 2.027323449305521441e-01 4.778261836028739884e-01 2.420430923426885317e-01 3.219626629434536036e-01 2.998103334975199541e-01 2.485702675726126909e-01 1.030047658223411378e-01
2.956344282076545094e-02 -4.872292431753959263e-02 -1.421755791446019934e-01 -9.909172853539839620e-02 -8.672353854155914754e-02 4.051182163744154741e-02 4.788351596860682124e-03 -5.630516654409685462e-02 1.239989707166183758e-01 -1.820782593523052051e-01 1.250068252275061131e-01 -1.537771036129884084e-01 -2.769267307499127528e-01 -6.792270314726928104e-02 9.974996020782089801e-01 8.645314658589994816e-02 -2.144592358215750144e-02 -1.219712473596832047e-01 -3.680072431103228320e-02 -2.854611659002128654e-01 -7.205553724798667570e-02 4.447023725291726626e-02 -5.708095151898975872e-03 -4.897077565852745590e-02 3.628948317539711921e-01 -8.429319847065006033e-02 4.316498306492677628e-02 -1.440969677612206068e-01 3.568716804303331824e-03 -7.673907299337595633e-02 -3.132205941309386676e-01 5.502762472565453367e-02 -1.496528490726559135e-01 -1.530464343664549587e-01 -2.440139790619305360e-01 2.398211913967730757e-02 7.981648565595511613e-02 1.083118590112860102e-01 -4.743915625876205487e-03 5.961231246762088709e-02 -1.504451961996941534e-01 5.785751471314248828e-02 -5.921298427671892878e-02 -1.696162050700746882e-01 -1.010757823167366953e-01 1.886162475207847078e-01 2.566052517075206527e-02 1.404887222988739914e-01 2.391171148065114604e-01 -1.509504232636783017e-01 1.355878635258090659e-01 1.428064925650784911e-01 -2.307411200195765566e-01 -1.058558550713279423e-01 -1.954611015285248610e-01 8.766132922298200403e-02 6.162352638789049541e-02 8.762817583153396928e-02 -8.976642248630511967e-02 -2.215943776315148495e-01 -3.598624564382737947e-03 7.680156556947131952e-02 -1.601488761220014601e-01 4.581526467242004186e-01
2.289888101818102206e-01 1.728994515961704836e-01 2.408518461016528889e-01 2.055353380239798855e-01 2.109048673747566660e-01 2.568825588342196209e-01 3.170233128602434336e-01 2.696548536904563309e-01 3.065627062393380675e-01 1.567514045463659356e-01 2.210455525846128366e-01 1.674567051551272279e-01 1.605879517574748117e-01 2.211600699381828239e-01 8.645314658589994816e-02 9.974999502372555726e-01 2.660723613046904190e-01 3.231121326321110820e-01 2.333744834162968518e-01 1.347038895733824460e-01 1.634842026472093091e-01 6.131286982891692022e-02 2.121774987477568486e-01 4.436415228268745237e-01 2.085458773031489965e-01 2.529062389269573496e-01 4.371151564825480618e-01 1.459233422502538846e-01 5.589259063319218512e-01 2.090264312904200061e-01 1.576881763942319659e-01 4.339238070821059279e-01 1.794927799660971657e-01 1.796211945458029424e-01 1.877510514090474925e-01 2.696965074208638735e-01 3.432437157834136165e-01 5.662319135138225157e-01 1.509337316139241769e-01 3.644418940242469263e-01 1.338807946073183874e-01 5.533927679519414777e-01 1.945044269320986285e-01 1.381746327321704271e-01 1.833670338958653945e-01 3.864230170300985701e-01 2.094921012206431843e-01 4.717324579734645806e-01 5.050934552699362090e-01 1.251799304659180212e-01 3.291784437809302521e-01 3.894384737980489675e-01 1.679060394807016521e-01 3.195218177411445204e-01 2.631072105371391467e-01 5.692827419861342664e-01 6.372222040030953716e-01 3.323030780999599032e-01 2.064914578904039621e-01 1.700635616025820140e-01 2.528862447122144363e-01 2.655483817765733612e-01 1.772824309534576648e-01 2.546467522683405482e-01
1.986129723788284673e-01 8.756432314553655449e-02 1.641120012216615021e-01 1.773743903501315278e-01 1.532255686282222029e-01 4.866821159499487015e-01 3.791057427466478780e-01 5.668806941007230593e-01 9.637629357094174010e-02 3.498891215934298859e-01 4.626681838543166003e-02 3.689226984232950035e-01 2.188410946306816041e-01 1.386053294978723260e-01 -2.144592358215750144e-02 2.660723613046904190e-01 9.974997538985422851e-01 2.609503611187213856e-01 6.447286874250484079e-01 2.829330068709967061e-01 9.742767892409828767e-02 1.893056918190783380e-02 2.220011507073175738e-01 2.401758269236661247e-01 1.187631355519643550e-01 4.634611883997502568e-01 1.879350152589960854e-01 3.595828475129812518e-01 2.462615507906994183e-01 2.251557116616453025e-01 2.295733184627108681e-01 1.695477748333035772e-01 3.905531197979960067e-01 4.335049274083557225e-01 3.002029787986484899e-01 1.182621132979589373e-01 2.777188360670400646e-01 2.332450081837219580e-01 6.474168406747241034e-02 4.737661653978756382e-01 2.914246021285565869e-01 2.652339808435858481e-01 3.714818368178979258e-01 3.199408010590455431e-01 3.550379302523745118e-01 9.719479952834746139e-02 3.178851105586626424e-01 2.092863223339058998e-01 2.261140263913553328e-01 3.293703473914037505e-01 1.819344309000975879e-01 2.038500754316980301e-01 2.276672761005768542e-01 3.249140549652033139e-01 2.589140071520851794e-01 1.808949356898039429e-01 2.822069563897833255e-01 3.211781748824548144e-01 1.958677693828139721e-01 1.850420738739612658e-01 2.564427694022254900e-01 2.152157422850470014e-01 3.649810443910919688e-01 1.583834551206932673e-01
2.328635291144232067e-01 2.020918672432588381e-01 3.839445937555135968e-01 3.871599860240980684e-01 4.423387778970101492e-01 2.440612469712748478e-01 3.160202584679520643e-01 3.310016539067757169e-01 1.246324016730207540e-01 2.537686736972684654e-01 5.136039590273848432e-02 2.991977341606070206e-01 4.094747499390475887e-01 3.863946269188178739e-01 -1.219712473596832047e-01 3.231121326321110820e-01 2.609503611187213856e-01 9.974999825029740030e-01 2.698812782668420507e-01 4.098212073802166566e-01 1.878307020970812757e-01 6.095042187931540290e-02 2.700534856733224909e-01 3.766244209773284002e-01 1.830702844921578212e-02 3.775286220566759776e-01 2.135242387146784881e-01 2.695697875862710369e-01 4.189689202900548914e-01 3.265218404078309433e-01 4.121456949343068055e-01 2.425720522854400707e-01 3.011279638709384865e-01 3.135177422383522705e-01 4.263204672984739485e-01 2.720290697642096522e-01 2.088210615854531604e-01 2.558352622977725366e-01 2.133074877243917311e-01 2.058887775939185483e-01 2.823549308559054061e-01 3.142761757409175405e-01 2.985585362778929719e-01 2.831254349104799228e-01 2.791798791082784614e-01 8.671179693229734420e-02 1.953275725516197547e-01 2.102847925858642997e-01 1.844216760892875007e-01 2.644622281506350814e-01 1.989082689840828977e-01 1.980279466167254587e-01 3.799509927525400177e-01 5.430229705764277881e-01 5.018095699047209202e-01 2.231153011969602695e-01 3.053073482820384266e-01 2.191003658486249117e-01 3.274480428871945903e-01 4.190783976289605972e-01 2.616397475175940013e-01 2.136836402531384627e-01 3.345877254989578220e-01 5.454482258601016376e-02
2.108122755185249941e-01 8.165464085892965018e-02 1.673773634363405760e-01 1.960777433216308041e-01 1.669191444776072786e-01 5.625447114464400267e-01 4.097889683348084899e-01 6.127300258126199273e-01 7.950520463107635383e-02 3.385868426195767777e-01 3.020832648576639995e-02 3.844252339349971126e-01 2.330360906229093643e-01 1.626389854682770142e-01 -3.680072431103228320e-02 2.333744834162968518e-01 6.447286874250484079e-01 2.698812782668420507e-01 9.975004587328092365e-01 3.023433892655623123e-01 9.403177967996867448e-02 2.196763043549897210e-02 2.266851446035149098e-01 2.283695137837253308e-01 9.454354338818821146e-02 4.885865243379536871e-01 1.623644236526046725e-01 3.759859536867509733e-01 2.317701140667360049e-01 2.406139813169292097e-01 2.467881065867854051e-01 1.401652480581530857e-01 4.025887004267569846e-01 4.644682179757039786e-01 3.187104575730362876e-01 9.810336573464115140e-02 2.448790619503048993e-01 2.009894466897587106e-01 8.096610599038213396e-02 3.714403564851841422e-01 2.982967470970404600e-01 2.482131141911370076e-01 4.414296364796105321e-01 3.299221468515322608e-01 3.694785001609171005e-01 6.618023702448624923e-02 3.737744831466707773e-01 1.861620574337237433e-01 1.913447856989553830e-01 3.454908473891227239e-01 1.700472727754469560e-01 1.802789429051757653e-01 2.466246876614753281e-01 3.446872394980036169e-01 2.672985465591393162e-01 1.471572484835445005e-01 2.477475042627936552e-01 2.658261353599533083e-01 2.084908677371193897e-01 1.960405079303658427e-01 2.732221834892088475e-01 2.214232321170884754e-01 3.726203725583035475e-01 1.432935136315823532e-01
1.712948477871628905e-01 1.280500899219919608e-01 3.413680352145639918e-01 3.223298153437483826e-01 2.818266555801136608e-01 2.098029725541941670e-01 2.640250827107915033e-01 3.496316187664214592e-01 -3.412323411851709426e-02 4.016715263995037644e-01 -8.182558615253375522e-02 4.733700988348162331e-01 6.119772641516205702e-01 2.759929294544027911e-01 -2.854611659002128654e-01 1.347038895733824460e-01 2.829330068709967061e-01 4.098212073802166566e-01 3.023433892655623123e-01 9.974998933945901092e-01 1.488423591399103130e-01 1.072151762587165991e-02 2.297822417112847238e-01 2.934813793534920556e-01 -1.169094820259679590e-01 3.749887682299686276e-01 1.038486661105400971e-01 4.714533969720435813e-01 2.174440318863552213e-01 3.067958984724963867e-01 5.200285249825776779e-01 9.538331026378427113e-02 4.995333660709521117e-01 5.030447115438054784e-01 5.737003826594485600e-01 1.533161979816860809e-01 1.358255068929875020e-01 8.066124413963132733e-02 1.543445032523881322e-01 1.788525635906581812e-01 4.575538024981099516e-01 1.536682324692746626e-01 2.882014748423811779e-01 5.238668429925751324e-01 4.002341144940455564e-01 -1.199892358736307230e-01 1.432034231149852399e-01 -1.788644876416757221e-02 6.039949155187488913e-03 4.386694046855919016e-01 5.832831192851950508e-02 5.706893333984844330e-02 4.893760421807288874e-01 3.974162778389184192e-01 5.354869593253526183e-01 7.465400232326456498e-02 1.548921149776240624e-01 1.245508923126128625e-01 3.125945299914063003e-01 4.464828365067072258e-01 2.205549338675542870e-01 1.303223210724160364e-01 4.798408565554079241e-01 -9.553504828517379865e-02
1.062096404121503912e-01 4.593571087875614745e-01 1.661994021480065475e-01 1.534760126994126339e-01 1.519100487754701800e-01 9.162266283366844732e-02 1.334018849601261714e-01 1.176517529092531572e-01 1.671068288880714625e-01 9.323189817064364560e-02 7.642783626858637436e-02 1.071498068880060994e-01 1.699794767413862484e-01 1.478372483904787371e-01 -7.205553724798667570e-02 1.634842026472093091e-01 9.742767892409828767e-02 1.878307020970812757e-01 9.403177967996867448e-02 1.488423591399103130e-01 9.974996538667099122e-01 2.917250894803003966e-02 1.059011640262258053e-01 1.721192894032304577e-01 2.018274556954781362e-02 1.314027214860777060e-01 1.319090018778795448e-01 9.065579215192051676e-02 1.531018607733105330e-01 1.344568645509864047e-01 1.828228541597749224e-01 2.095530002985490636e-01 1.073510607006153000e-01 1.082258914840125430e-01 1.673321915377340430e-01 1.295010184280534216e-01 9.543130120519427440e-02 1.666775910900237523e-01 8.818606017786426166e-02 9.383478754431895386e-02 9.461745882834571297e-02 1.948817985383125007e-01 1.038737306254370329e-01 9.525452545990104047e-02 8.797310627324925192e-02 6.622152015192477037e-02 6.563489385119898600e-02 1.323179272326491795e-01 1.080184852722082395e-01 9.196439870990943954e-02 1.143504232956541744e-01 1.179079217588333423e-01 1.855428877913225527e-01 1.806165127546147109e-01 1.891769574728969228e-01 1.438881385609514230e-01 1.674154069107377518e-01 9.981553506629947670e-02 1.452552710212933473e-01 1.943445614152621015e-01 1.120776642484248575e-01 1.024023109140206472e-01 1.198120637091457524e-01 2.862663519795767206e-02
3.708847216064936614e-02 2.721710157089873849e-02 1.708978378219344896e-01 4.690249730304732467e-02 5.869350864609768070e-02 4.164520441148619745e-02 4.660277874600819020e-02 1.766058834428278074e-02 5.130058178002635388e-02 -1.473429729676601491e-02 2.913862048263604621e-02 -1.005387039894388088e-02 5.563454079118189399e-02 5.794844649179037299e-02 4.447023725291726626e-02 6.131286982891692022e-02 1.893056918190783380e-02 6.095042187931540290e-02 2.196763043549897210e-02 1.072151762587165991e-02 2.917250894803003966e-02 9.974997286987096201e-01 3.339674243754298111e-02 6.966927528551461468e-02 2.724081578001905785e-02 6.141897745175232959e-02 4.704219338034638931e-02 -4.449255351866190922e-02 6.539991222193619613e-02 3.442713443005093743e-02 5.702565604134554600e-02 6.640137434972627484e-02 -1.564995586944046072e-02 -1.717888281928711680e-02 3.818022989306880249e-02 5.960837888995319800e-02 1.104876309082377175e-02 6.425604961785173763e-02 3.421119176334267570e-02 1.307946019817452996e-02 -1.704405872613568712e-02 6.839408834546084615e-02 7.451133293665268553e-02 -3.105908761616672092e-02 -8.998175009818855374e-02 4.071159297705718300e-02 6.291636426988547748e-02 8.109265248521038694e-02 4.851651876258612772e-02 -1.367404003954883485e-02 4.957645588607552389e-02 4.715344734459661624e-02 2.992204603347126818e-02 5.953871271156312150e-02 5.424494665950923417e-02 4.630472374606051100e-02 5.948476445462597822e-02 3.437108503517036229e-02 3.838019891316236942e-02 7.732934206021357948e-02 3.975431186766143626e-02 3.491989942061066166e-02 7.105707173158458227e-03 3.790776911835306434e-02
2.975428277325780080e-01 1.025213984808917983e-01 1.683749637613461969e-01 3.653481943347507421e-01 2.916949474210714932e-01 2.344196439745734883e-01 2.882769950700809769e-01 2.876756506145506931e-01 1.186907480483921778e-01 1.964137211378512715e-01 7.020027583885370126e-02 2.393582081993514410e-01 1.875377258326278995e-01 3.881355960265956972e-01 -5.708095151898975872e-03 2.121774987477568486e-01 2.220011507073175738e-01 2.700534856733224909e-01 2.266851446035149098e-01 2.297822417112847238e-01 1.059011640262258053e-01 3.339674243754298111e-02 9.975000395640103434e-01 1.949215155384080855e-01 1.009476306064990836e-01 3.756768864969186050e-01 9.590950374028613112e-02 2.278837698113375387e-01 2.091476389679036429e-01 4.095816765052062158e-01 1.953463418642400751e-01 1.720250258814914335e-01 2.382980358794291043e-01 2.565166592465926709e-01 2.559229595337693119e-01 3.475694569963604930e-01 2.261795520660617176e-01 2.031779623422126924e-01 4.493555300847243417e-01 1.739935295715085428e-01 2.527204754301459744e-01 2.258107548584659396e-01 2.600533379450172267e-01 2.190766607409108946e-01 2.574271659649425281e-01 1.031822683458004652e-01 1.834643903086586314e-01 2.111859476563800742e-01 1.990864124644116662e-01 2.107308132158146607e-01 2.555854056283936027e-01 2.375865196533860912e-01 2.989212738206016295e-01 3.370233085345091251e-01 2.262285099937989818e-01 1.475744881809478715e-01 2.029540993177899877e-01 3.213137315125859650e-01 3.308170583425149025e-01 1.675251603523149058e-01 2.782362809041696861e-01 2.740524129637487150e-01 2.724482499156447024e-01 1.811365207805849253e-01
1.867656223901280610e-01 1.742384831166506887e-01 3.838333580720703075e-01 2.322732077903082171e-01 2.465338295563563875e-01 2.206112249327680241e-01 2.851434883632663619e-01 2.693257653950210107e-01 1.957175325073262362e-01 1.993855476769213486e-01 1.122218230186657617e-01 2.249980248115081016e-01 3.564107937264833215e-01 2.362141699280164986e-01 -4.897077565852745590e-02 4.436415228268745237e-01 2.401758269236661247e-01 3.766244209773284002e-01 2.283695137837253308e-01 2.934813793534920556e-01 1.721192894032304577e-01 6.966927528551461468e-02 1.949215155384080855e-01 9.975000574142425247e-01 8.073674477753375878e-02 2.772425272800480012e-01 4.314144614613587003e-01 1.937223515950231012e-01 4.782977901461920034e-01 2.218024168138132690e-01 3.268660208886416396e-01 3.380795756603310331e-01 2.307118180584184497e-01 2.337210411457340264e-01 3.246312327687265742e-01 2.188746890092531094e-01 2.375021092429429881e-01 3.768314070122615878e-01 1.293069734755337430e-01 2.563381567654529070e-01 2.063202871665463234e-01 4.632795365085891071e-01 2.174661905356638225e-01 2.058364349172994434e-01 2.079527819959199886e-01 1.910787875775862288e-01 1.788711110797247539e-01 3.091481240217167636e-01 2.825736377786014497e-01 1.906918148493341181e-01 2.158048152310985679e-01 2.394333599339388829e-01 2.491589343686045899e-01 3.494491267470645202e-01 4.830972355900217119e-01 4.001847587603684642e-01 4.833571968974543775e-01 2.365877410173104767e-01 2.223699773179149686e-01 3.185246867546503990e-01 2.258545285038369432e-01 1.927399139485625468e-01 2.501459165916185556e-01 1.084828623272894171e-01
