9.974942112087101798e-01 -2.741720941679378076e-01 -7.133061759540086644e-02 -9.574558864277306347e-03 4.933263832940043558e-03 4.297821052098207417e-01 4.187484156641760324e-01 2.767104190124456964e-01 1.275306918446659776e-01 1.437578195367018030e-01 3.150684830021030503e-02 2.101354385440641903e-01 9.184282895147832804e-02 -1.841911825817818885e-02 2.258559724442055217e-01 3.568842072361610301e-02 2.583797835909814600e-01 1.636022717377267621e-01 2.289959086664465626e-01 7.676717773376505460e-02 2.705644217544847865e-02 8.977308488222264515e-02 8.891408941640231017e-03 1.334318741194155389e-01 7.253463499830330175e-02 -1.437216710153376917e-02 1.446773807952008439e-01 1.812430310509937914e-01 -3.163248956388518829e-02 2.012987852544734224e-01 2.416950586390859135e-01 1.341694873414180089e-01 2.238194101443733985e-01 1.742928225356632776e-01 1.538882283906714554e-01 -1.039998960664097194e-03 -6.061147814044633153e-03 5.129736032244459898e-02 1.135302441834679099e-01 2.466307992740404686e-01 -1.260048890948234079e-01 2.295663488679124120e-01 1.576319265851724716e-01 1.243381455367415789e-01 -2.733985643599833384e-02 -6.302446840972278364e-02 3.109442879104961643e-01 1.301110257403826354e-01 3.318469582888149139e-02 2.200435342071398459e-01 1.917437008759748929e-01 1.437370066449665251e-01 7.833363412086066790e-02 1.290332085701043074e-01 6.633432935542521447e-02 -1.906380530679871108e-02 1.660474231294579162e-01 2.982066855438859632e-01 -1.838929450278237870e-03 2.177220402432747948e-01 3.248569789704079391e-01 5.032407689290405717e-01 1.569558544743087647e-01 2.634508238976881467e-01
-2.741720941679378076e-01 9.974936293935684484e-01 3.504481158346653968e-01 2.024607208306953843e-01 1.195036322332053286e-01 -3.298995849958304416e-01 -3.173254326850656337e-01 -3.402882452360454502e-01 -8.161894805525551910e-03 -1.178558316773490183e-01 5.883249962419866835e-02 -1.809944985205791668e-01 -4.820197898785764934e-02 1.664838206622409611e-01 -1.195235406175732679e-01 1.005998249331457872e-01 -1.997413230642194337e-01 -2.779618198945187774e-04 -2.940134367794596804e-01 -5.141329894520760280e-02 1.057237823770731944e-01 6.337164797922066606e-02 9.595921177014169259e-03 -3.697986531248542014e-03 -2.497365574589865966e-02 7.053916060586709613e-02 -1.119738894424267273e-02 -1.905505085090896111e-01 1.696669639659039441e-01 -1.115938690149694545e-01 -1.662261963149675448e-01 -1.272391161400201337e-02 -1.476729451931859949e-01 -1.181247760065342323e-01 1.569444214365219720e-03 1.291654478100273118e-01 8.032795591740679586e-02 4.785599865619561549e-02 -1.347187967361013206e-02 -1.837970586613570378e-01 8.244522747960758569e-02 -9.273120439616978905e-02 6.476417040791292157e-03 -1.031933505138395990e-01 -6.290086063512610737e-02 2.379989984227345312e-01 -1.864096595003595647e-01 -2.079062893110261018e-02 7.211966101129050656e-03 -1.711219605253045672e-01 -1.013090282924303115e-01 -4.026300754967036821e-02 1.256410011494293877e-02 7.923628542797603314e-02 1.260233125169374080e-01 7.470754452217881481e-02 -7.138992694672320616e-02 -1.097664513590375784e-01 7.144933200620494362e-02 -1.958401966724601095e-01 -1.798335292284153619e-01 -2.377856994731631923e-01 -9.033682744954492361e-02 -1.421946004465879099e-01
-7.133061759540086644e-02 3.504481158346653968e-01 9.974937637264547075e-01 2.559467222126006192e-01 1.084898500710359398e-01 -1.311051512876691416e-01 -6.591304296347726133e-02 -1.696691908769334678e-01 5.593148302779789305e-02 -3.681232331348619630e-02 1.179181017577861507e-01 -3.218701487054720367e-02 4.149503330242035326e-02 1.207363464545462700e-01 -1.249317030913168688e-02 3.154847974283918610e-01 -6.750679956040087082e-02 1.201520696231921231e-01 -2.439047305123162035e-01 -1.566258548821897190e-02 1.061105122123787992e-01 2.805568455950770423e-01 1.451131329171313940e-03 2.121672559622609644e-01 4.417002369486938002e-02 1.964773909794458873e-01 2.008117661122504338e-01 -1.011668916639931748e-01 3.655326822317078173e-01 -3.390051521972797799e-02 7.311545285009907191e-03 1.062402273344134757e-01 1.362066414014072649e-02 2.773282359620150156e-02 2.295206928084176923e-01 1.414387112354693887e-01 1.992319585379873081e-02 1.425975310203000668e-01 5.365872431641105500e-03 -5.377877895570107314e-02 5.051657593480564368e-03 1.240537861690348131e-01 2.361646111349590960e-01 -3.478417914103136555e-02 -1.681958685080429117e-01 4.763271186172661764e-01 -2.000994295450463784e-02 1.009061684196769781e-01 3.472852060257347606e-02 -1.740654949271600374e-02 -9.702609387790836828e-03 1.617624459175676446e-02 3.621249781654832522e-02 1.833582424871942340e-01 4.580437572641329891e-01 1.799510630302359193e-01 7.059365990148520897e-02 -1.830981794062408116e-02 1.363948651193765127e-02 -7.338872791105735538e-02 -2.037220286602386271e-02 -6.060694070815250689e-02 7.424202009011277026e-02 1.364945646499408048e-02
-9.574558864277306347e-03 2.024607208306953843e-01 2.559467222126006192e-01 9.974938509590262070e-01 9.387348785097521242e-02 -1.617544068895658826e-01 -5.907997459464582601e-02 -2.030236312052753067e-01 4.081162969808615343e-02 -7.360256326897253454e-02 9.316301982127579706e-02 -8.708494574907289787e-02 -4.602477924250070185e-02 3.751029948303384320e-01 -6.728040852617343283e-03 1.308611169298796728e-01 -1.863370325563416530e-01 1.229573769487651985e-01 -2.858390749131252129e-01 -1.100010815562667277e-01 2.599975942594887068e-02 3.821008425258523022e-01 1.702183514562380373e-02 8.526189367762612714e-02 3.753503929751712820e-02 8.350119216924017929e-02 1.097098774511819919e-01 -1.787895395266596854e-01 1.540705967302051782e-01 1.455312374201770675e-01 -7.378575882466649472e-02 6.416030245904277840e-02 -7.909319663030384140e-02 -4.005066539869393816e-02 2.688177090089031163e-01 2.994848431817955237e-01 -9.098293452064704079e-02 7.221971577629102135e-02 2.046319826165079181e-01 -1.396945958756535822e-01 -5.909845685542974847e-02 6.323420078988251092e-02 2.265073892371486375e-01 -1.027958320659670827e-01 -2.507172498530262361e-01 1.499197504930311065e-01 -5.835694571538259379e-02 3.051165775010535042e-02 -7.518959217161463870e-02 -1.009049949145266328e-01 -1.489174105996300679e-01 4.149166429241849668e-02 9.985009692095883627e-02 3.284003255612759631e-01 2.323126481639473384e-01 5.729321759090252875e-02 3.011669725440572695e-02 -9.578691147503107239e-02 1.604466121698351067e-01 -1.557902127810091575e-01 5.668616424244438123e-02 9.474506089662694530e-02 -1.017105541903455534e-02 2.617832189549305910e-02
4.933263832940043558e-03 1.195036322332053286e-01 1.084898500710359398e-01 9.387348785097521242e-02 9.974933552023100836e-01 -6.370650555529275283e-02 9.236210847150985725e-02 4.195226491878191466e-02 3.658243737702557841e-01 3.913068832303020356e-02 2.323757197396024710e-01 -1.798665414904112858e-01 2.668838834759612588e-01 3.412100091238963184e-01 -2.014042972676176671e-02 2.586333883748287432e-01 -5.445332739661733895e-02 3.605254874017062017e-01 1.649341736760648672e-02 3.659431801117123406e-01 1.619297563740743628e-01 -1.226476288812257814e-01 1.207268769452255613e-02 2.244453378028053170e-01 -3.824710645706757423e-02 -1.047152956590189227e-01 1.643563384054528842e-01 4.782179224612777974e-02 1.693750351167174761e-01 -6.532529858645956533e-02 1.313919935589514809e-01 1.052712650695857288e-01 8.650612492985544633e-02 -1.123905689256236018e-01 -5.656993473064871047e-02 1.259781122743487691e-01 3.647509256786896081e-01 9.784171801160880186e-03 4.711429176613092518e-02 4.319215401430183399e-02 9.945512200880265996e-02 1.843172131648775081e-01 -3.939700739667949259e-02 9.085664833746696922e-02 1.853691352730839625e-01 2.001334745674171745e-01 -9.563532824867921819e-03 5.505496122096074918e-03 9.111871962476467135e-02 -2.840103909122312573e-02 4.198383148517902813e-02 1.542555703108557663e-01 3.446496591109080021e-01 1.831634819293773697e-01 1.433175872273109996e-01 3.850239314674662738e-01 8.661409428493511975e-02 7.251168742735564221e-02 3.014552079524288608e-01 1.863087747819873186e-01 1.850864214524606047e-02 5.906368201033289356e-02 -7.445026459249881601e-02 -4.255592334023385742e-02
4.297821052098207417e-01 -3.298995849958304416e-01 -1.311051512876691416e-01 -1.617544068895658826e-01 -6.370650555529275283e-02 9.974940916712994321e-01 3.600006461636487964e-01 4.037723379616856012e-01 7.783940700709424121e-02 2.212876293010697382e-01 -3.626511539406651607e-02 3.219485731599580625e-01 1.404304083929075742e-01 -2.383163455238268835e-01 2.204807043479383166e-01 2.913075999747543471e-02 4.961180218393130281e-01 1.203258183695805617e-01 4.445945523200834915e-01 1.426818488361263071e-01 4.302087675641704662e-02 3.338793288957567218e-02 -2.003262576210925600e-02 1.507976380896904611e-01 1.047713468719115859e-01 1.842342286820675135e-02 1.622740556766077424e-01 3.158720656532913451e-01 -9.165330981743943783e-02 1.224500743102787809e-01 3.519813801804738684e-01 1.324122528589701253e-01 3.369275357756265077e-01 2.944609619718273064e-01 1.458808164157463505e-01 -1.765788005170367547e-01 2.365030505507636008e-02 4.767953505487958210e-02 -8.168515776654805549e-02 3.952217923669691935e-01 -6.811721564378027394e-02 2.405827766049519756e-01 1.564552171147431392e-01 2.132719617563348102e-01 7.035831240020795629e-02 -1.096983936568386858e-01 3.823589604629513694e-01 1.428583254087719134e-01 7.651395597201923748e-02 3.470769092757323704e-01 1.805217736298954934e-01 6.001596984098504090e-02 -3.085220430772292466e-03 -2.992696675593792266e-03 5.752288702162315637e-02 1.077557773567265967e-02 1.988012130633767804e-01 2.336075905077854564e-01 -1.923476483291020334e-01 3.081478589096175447e-01 1.697138988079626709e-01 1.968716506934846955e-01 2.578481258842155177e-01 3.511267052799965649e-01
4.187484156641760324e-01 -3.173254326850656337e-01 -6.591304296347726133e-02 -5.907997459464582601e-02 9.236210847150985725e-02 3.600006461636487964e-01 9.974936510079228658e-01 4.298054998347239919e-01 2.751262459763977875e-01 1.842641921525490778e-01 9.284422674086217908e-02 2.407326313628985748e-01 2.129633865014609329e-01 -3.358315858204055648e-02 1.809860089012627071e-01 1.386636880183008680e-01 2.440237406055612845e-01 2.483525493933038952e-01 3.160098405922846521e-01 2.018319008592234787e-01 1.061939193529655157e-01 4.646557601473275817e-02 -1.878448351143306369e-02 2.601492226352434267e-01 5.622987903504127194e-02 -4.796738585952649292e-02 2.531814036539286050e-01 2.673962201352126367e-01 7.580498769964243155e-03 1.307399181354948481e-01 3.522580981341693618e-01 1.609763800535251033e-01 3.163661129837993524e-01 1.731987731588550683e-01 1.467164176501397355e-01 -5.211790163644605678e-02 6.274684690201809412e-02 3.508204765517781293e-02 1.142941599522988294e-02 2.861377366716172377e-01 -1.176999677852913484e-01 4.128530304625808722e-01 1.488000413146259582e-01 1.881612917780134397e-01 4.988640344276782518e-02 -2.173988718266807452e-02 3.012720400221409189e-01 1.392996339233221748e-01 7.020136337686389005e-02 2.761942697649581446e-01 2.488146850159908274e-01 1.559366192619734970e-01 1.577340549911448453e-01 1.034682127315601496e-01 1.253326341233856056e-01 1.275535267243105286e-01 2.315046452805809285e-01 2.200361227226726446e-01 3.390643784267058369e-02 3.779236301813355126e-01 3.051100379864937762e-01 3.185495680107744421e-01 1.750827692767144561e-01 2.219078239562675692e-01
2.767104190124456964e-01 -3.402882452360454502e-01 -1.696691908769334678e-01 -2.030236312052753067e-01 4.195226491878191466e-02 4.037723379616856012e-01 4.298054998347239919e-01 9.974940842772801464e-01 1.818952362550368962e-01 2.655553630633282203e-01 2.079330808882924250e-02 4.122697891030107642e-01 3.186907635526161076e-01 -1.579462318495864492e-01 2.277354471442560591e-01 1.072106284152986311e-01 2.892878438302466937e-01 1.371975865832501806e-01 6.447972434478845827e-01 3.578386408156403187e-01 1.203414115951401409e-01 -8.782913025196867340e-02 -1.581957357331594330e-02 2.471231165747930503e-01 4.183843663976728744e-02 -1.171009616843865786e-01 1.972873220666460092e-01 5.418587043879611320e-01 -7.239645682913646574e-02 1.169183486041771858e-01 5.228459841584911505e-01 3.419761393642783281e-02 4.186362651560173731e-01 2.494341490278979001e-01 6.595104314299238268e-02 -2.581146802172699650e-01 1.262389199391716621e-01 -1.309175897501725083e-01 -8.698961625911329210e-02 3.600527959696956382e-01 7.950381195340980311e-02 3.050711493660279716e-01 5.521303718588928960e-02 3.171911209010474519e-01 2.822201000395281323e-01 -8.743801700103337460e-02 4.068479347071745633e-01 -1.063915540877184013e-02 1.940263523965294473e-02 4.481036717281470794e-01 1.191320883843519501e-01 7.980710794029678701e-02 1.520617449800692744e-01 -6.360143395972936431e-02 8.045570609372768023e-02 1.499664361819844083e-01 2.037209355702531421e-01 1.507764805361224980e-01 -1.242823499927494732e-02 5.785989276944580872e-01 1.336248565944578304e-01 1.695527476939127920e-01 2.870953663266599953e-01 2.367195622813859091e-01
1.275306918446659776e-01 -8.161894805525551910e-03 5.593148302779789305e-02 4.081162969808615343e-02 3.658243737702557841e-01 7.783940700709424121e-02 2.751262459763977875e-01 1.818952362550368962e-01 9.974935082118230323e-01 9.326583418560580041e-02 3.160862826962966277e-01 3.346208068700756710e-02 2.417459618835938739e-01 1.633495783737547724e-01 5.596546055868461406e-02 2.163729608971188823e-01 6.347744909364895494e-02 3.745317228851109403e-01 1.259378833182105140e-01 2.734825582046671033e-01 3.512476564986635741e-01 -3.453246920242478840e-02 -2.580592452069323250e-02 2.364678611901893657e-01 -1.359445490160087963e-02 -1.394395129797437183e-01 1.887335670600098769e-01 1.439350909418321833e-01 1.270558241950427436e-01 1.200472698162837609e-02 2.379672730157940952e-01 1.651338312693904631e-01 1.971395600888374844e-01 -2.321414579464228106e-02 2.989070991827327481e-02 5.691471971252988482e-02 1.814506589996405239e-01 3.252458110145275971e-02 -1.812751720779637310e-02 1.802108359696876771e-01 2.240408125378526294e-02 2.578662086698876310e-01 2.676724706393235342e-02 1.273177690096788939e-01 1.197866631100983070e-01 1.210948055422675085e-01 1.190781983932718002e-01 6.750235759466072238e-02 8.945402781505126799e-02 1.051173491423256501e-01 1.127228349350477277e-01 2.672132813353533809e-01 3.276803248566679816e-01 1.762633185139892422e-01 1.542358897259221151e-01 2.365421384316500619e-01 1.679508038989758201e-01 1.054046854733412947e-01 2.743585493062903335e-01 2.922885772615126942e-01 9.993864474913236040e-02 1.283953979396081080e-01 9.768564339165970029e-03 5.497679692465207157e-02
1.437578195367018030e-01 -1.178558316773490183e-01 -3.681232331348619630e-02 -7.360256326897253454e-02 3.913068832303020356e-02 2.212876293010697382e-01 1.842641921525490778e-01 2.655553630633282203e-01 9.326583418560580041e-02 9.974935054655745814e-01 6.454671550730728402e-02 3.023799612194755793e-01 2.510284883635064412e-01 -7.066515043137326646e-02 9.995538038761092592e-02 1.089750013455362820e-01 1.679356260710147541e-01 1.188024562169931048e-01 2.500862964686363377e-01 2.240153811361836333e-01 8.778434926682621153e-03 -2.312093635929943908e-02 -3.512740604673242339e-02 1.893501643980946003e-01 1.897896093742361401e-02 -8.865354269733277670e-02 1.659792096953507934e-01 2.819619108248900829e-01 4.527175017991370148e-03 6.848230184114681429e-02 2.654374917055024596e-01 8.155514542120213817e-02 3.287457093506548911e-01 1.708650497599392137e-01 7.044596062964461614e-02 -1.084515797275845128e-01 1.119384996474162147e-01 -1.661437069577657855e-02 -4.765620550373347170e-02 2.120909325038987936e-01 7.562935270776663388e-02 2.336151716587845373e-01 6.374067465240040864e-02 5.406073423187871541e-01 1.804030857979282698e-01 -4.573269669912632777e-03 2.387236369774644318e-01 3.140107018998627986e-02 1.061742074090079799e-02 2.980950065472975918e-01 6.720652383927390450e-02 5.461649979281302247e-02 8.547403596951488880e-02 -2.128959727340222485e-02 9.319466237447562862e-02 1.256720887408674103e-01 3.813652413502096605e-01 8.756138000815895384e-02 -2.384775331376731179e-03 2.521215220908747390e-01 6.483105224402521682e-02 1.009312322452159266e-01 2.240036778541974749e-01 1.440287996379694124e-01
3.150684830021030503e-02 5.883249962419866835e-02 1.179181017577861507e-01 9.316301982127579706e-02 2.323757197396024710e-01 -3.626511539406651607e-02 9.284422674086217908e-02 2.079330808882924250e-02 3.160862826962966277e-01 6.454671550730728402e-02 9.974937249911779436e-01 -4.943501453360218956e-02 1.841024333386845624e-01 1.806026938224524758e-01 -9.645325620328930316e-04 1.974258766630004325e-01 -4.552112443651749885e-02 2.745877535063530051e-01 -1.697979587465114210e-02 1.455238897932589481e-01 1.215246142392875789e-01 4.490596852403652348e-03 -2.567142399282279150e-02 1.662079580648743449e-01 -6.983210202989842408e-02 -1.262930610253570063e-01 1.184405091070700744e-01 5.014167995599925348e-03 2.504042815958840151e-01 -1.443085535732978840e-02 8.245262376375547819e-02 1.106990185025332057e-01 6.979328592910805096e-02 -1.747261826150084962e-01 1.633689381937629415e-02 1.835221399866021064e-01 1.038849156565407883e-01 1.707288097296106102e-02 3.598004081153184652e-02 3.291313508369154983e-02 2.037457109674543215e-03 1.535724035524337339e-01 6.204674983454477877e-04 5.591080791388639698e-02 3.175168394793316529e-02 2.194181178099703367e-01 6.586232930825248501e-03 4.633825517606891126e-02 4.343336426210075291e-02 -2.313977012986519546e-02 3.952404950025747987e-02 1.241996576558206528e-01 1.914129073619121324e-01 1.560128956035487235e-01 1.195841397071947809e-01 1.746224376369340248e-01 1.880024657940203014e-01 3.082782394048683150e-02 2.138123008952575455e-01 1.090591734629293291e-01 4.286391725434901545e-02 7.066690296311875508e-02 -6.709585965360541360e-02 -1.890774790824615095e-02
2.101354385440641903e-01 -1.809944985205791668e-01 -3.218701487054720367e-02 -8.708494574907289787e-02 -1.798665414904112858e-01 3.219485731599580625e-01 2.407326313628985748e-01 4.122697891030107642e-01 3.346208068700756710e-02 3.023799612194755793e-01 -4.943501453360218956e-02 9.974934767482702691e-01 1.903129060993180299e-01 -2.228667508647356188e-01 1.919836260557937491e-01 1.029032294620248478e-01 2.809995861891535496e-01 9.016024046319814911e-02 3.359885630859249517e-01 1.791330478788307201e-01 7.165165578346958941e-02 9.100682136575316550e-02 -2.194433478053533018e-02 2.176894751104160308e-01 1.098010595792528465e-01 3.486814470843797864e-02 2.277973615692980291e-01 4.483877694972143724e-01 -3.361157755330429486e-02 1.782643757151760044e-01 3.972692478551294593e-01 8.794393873450090382e-02 4.707098665945934624e-01 4.186178617535562529e-01 2.193645724286209242e-01 -2.125341776838159391e-01 1.730596631320505813e-02 1.302570736154289553e-02 -1.068161182495259709e-01 3.184363455108226715e-01 9.043818206078495237e-02 2.804021169608924002e-01 2.184667159764147049e-01 3.258158006992016853e-01 1.118258165136606364e-01 -5.052010725956430914e-02 4.721891313977603089e-01 6.516647358565835768e-02 9.613967682661681696e-03 6.098277260426067103e-01 8.567498966334147203e-02 2.267202767488692844e-02 1.798036013820443133e-02 -1.225996675132035377e-03 1.637910257429223138e-01 8.055798157673274562e-02 2.462340967353799093e-01 1.053785608425157477e-01 -1.412302437286110102e-01 3.074207767299161898e-01 9.093160198192379307e-02 9.168564517743271747e-02 5.148468312781855349e-01 2.826729029291268902e-01
9.184282895147832804e-02 -4.820197898785764934e-02 4.149503330242035326e-02 -4.602477924250070185e-02 2.668838834759612588e-01 1.404304083929075742e-01 2.129633865014609329e-01 3.186907635526161076e-01 2.417459618835938739e-01 2.510284883635064412e-01 1.841024333386845624e-01 1.903129060993180299e-01 9.974940499691682394e-01 3.343241265494261566e-02 6.650745851371746287e-02 3.277231155676760821e-01 1.119861199776726879e-01 2.066954049579400876e-01 2.684705193846618210e-01 5.881300025927811426e-01 1.531816216264393349e-01 -9.715872351389684414e-02 -2.968157426587656605e-03 4.470622866291166231e-01 -5.243629079703680806e-03 -1.152814848341025961e-01 2.796855600425914856e-01 3.071718900404906138e-01 1.188516345215842041e-01 3.367479716349588981e-02 3.940213716441999248e-01 2.693599092063314604e-02 3.172173016424524317e-01 1.063995832173597056e-01 3.407403685167025714e-02 -7.555868557527108120e-02 2.564840710614932351e-01 -1.346197535072407026e-01 -4.456796299360161334e-02 1.924697065671847063e-01 1.751412905244286722e-01 3.267697151724038851e-01 4.229181323307915075e-02 3.351386618173722298e-01 3.049878846171472091e-01 1.146986546051581013e-01 2.213969514673675421e-01 -4.310841528543556123e-02 2.689544813674528412e-02 2.676199368354815200e-01 5.028771326386063945e-02 8.632307785918298670e-02 2.383283864311850908e-01 4.537250871466042695e-02 2.283062737812036336e-01 4.251043682707599247e-01 1.975792168443947228e-01 8.186191600641877508e-02 1.175656295690018782e-01 4.640064289406600206e-01 4.121363148340841803e-02 7.063009767017368323e-02 1.819531068626660808e-01 9.723712248558581683e-02
-1.841911825817818885e-02 1.664838206622409611e-01 1.207363464545462700e-01 3.751029948303384320e-01 3.412100091238963184e-01 -2.383163455238268835e-01 -3.358315858204055648e-02 -1.579462318495864492e-01 1.633495783737547724e-01 -7.066515043137326646e-02 1.806026938224524758e-01 -2.228667508647356188e-01 3.343241265494261566e-02 9.974941676242772282e-01 -6.097738248932094152e-02 9.822151686529632941e-02 -3.005853264635490185e-01 1.300612916818666420e-01 -1.925794313447800055e-01 3.814874917874015725e-02 3.100367844455355348e-02 4.723828549787553038e-02 3.828704576759807410e-02 4.475204969830914176e-02 -5.608365359666073885e-02 -1.071338762001596973e-01 1.227095994652377571e-02 -1.629402661411255004e-01 1.322450426973691973e-01 5.496869500651624385e-02 -8.788732426403551845e-02 -6.060148704848947881e-03 -1.437190296206990736e-01 -2.172318000751550515e-01 -1.013001024150854412e-02 3.959517667844545397e-01 5.822573429004992279e-02 -2.619371970747965198e-02 3.248292311991488046e-01 -2.167324811716997979e-01 -5.241907513107359196e-03 1.024629486159910757e-02 -4.912292195233000647e-02 -8.108295288081167340e-02 -3.981201981833625003e-02 1.274536536268777165e-01 -1.359013643876088584e-01 -6.976879029235641405e-02 -5.434487937133279656e-02 -1.954259199204661790e-01 -8.077691784859265811e-02 1.337053788331362680e-01 2.714333095532798223e-01 2.088398235764302724e-01 6.689424553651013294e-02 1.089057849243961068e-01 -2.708198834707556055e-02 -7.525249982202186771e-02 5.008469868140751347e-01 -5.433041617174207139e-02 6.033666721372243913e-02 1.852406417533185301e-01 -1.711929238728920888e-01 -9.089774420062003701e-02
2.258559724442055217e-01 -1.195235406175732679e-01 -1.249317030913168688e-02 -6.728040852617343283e-03 -2.014042972676176671e-02 2.204807043479383166e-01 1.809860089012627071e-01 2.277354471442560591e-01 5.596546055868461406e-02 9.995538038761092592e-02 -9.645325620328930316e-04 1.919836260557937491e-01 6.650745851371746287e-02 -6.097738248932094152e-02 9.974937225319270295e-01 5.144953420494761953e-02 1.566940329972867363e-01 8.689308326034107799e-02 1.650333586528954510e-01 6.033781777095888199e-02 4.105590916226640325e-02 1.073151099405151992e-01 -1.043328267411001813e-02 1.093045313442013583e-01 9.074782372398200458e-02 2.351605259339303866e-02 1.210200031604809212e-01 1.613598764970472776e-01 -9.153255518562823656e-03 1.140419855375378877e-01 1.967810520903602589e-01 8.008662991277988585e-02 1.857498161358524802e-01 1.649568135084928111e-01 1.518680069799012433e-01 -5.574453923749607409e-02 -8.449571991300971335e-03 3.259858205854405944e-02 -1.424606686028481728e-02 1.810854910632094805e-01 -6.826480920877600611e-02 1.567600461380134202e-01 1.388771249058277646e-01 9.984400852423988559e-02 -1.374444053823890149e-02 -2.154820885679742393e-02 2.983967364850662052e-01 7.278565474343570707e-02 1.495927563936448601e-02 2.021918690776660921e-01 7.345743934524755214e-02 4.428062881591305483e-02 3.074513309417054724e-02 4.677420500049102314e-02 7.948429931925495018e-02 3.022598040607772651e-02 1.233179753983090488e-01 9.270355941593434734e-02 -4.482803756328748723e-02 1.563998507404326110e-01 1.067458347364775018e-01 1.238184279359379469e-01 1.577570170952869721e-01 3.356816203171111290e-01
3.568842072361610301e-02 1.005998249331457872e-01 3.154847974283918610e-01 1.308611169298796728e-01 2.586333883748287432e-01 2.913075999747543471e-02 1.386636880183008680e-01 1.072106284152986311e-01 2.163729608971188823e-01 1.089750013455362820e-01 1.974258766630004325e-01 1.029032294620248478e-01 3.277231155676760821e-01 9.822151686529632941e-02 5.144953420494761953e-02 9.974938395461308005e-01 5.021678424067142765e-02 2.458542444233025592e-01 3.562134116672085321e-02 2.711920594766318859e-01 1.692572268708721350e-01 1.122115656392094346e-01 -8.416752798904867175e-03 5.822944100653800747e-01 3.539508131600535568e-02 3.976801509972161669e-02 4.061630606513569886e-01 1.251484748233938626e-01 4.418640566535423364e-01 7.854829504835986187e-03 2.613026426236031430e-01 1.289960404564720053e-01 2.308107371127730012e-01 9.814601893344657157e-02 1.867435728207651191e-01 5.833244349208225460e-02 1.720763656026896293e-01 6.071785308932787367e-02 -2.503818339874930993e-02 1.194398835512275187e-01 8.475107449356182598e-02 3.707500641177735590e-01 2.118140408613705949e-01 1.477451027296880770e-01 4.454279340334968418e-02 4.153560825114929189e-01 1.431794194232108020e-01 8.017659421449012391e-02 6.643525239599440413e-02 1.649262502961361954e-01 5.309883767371489233e-02 8.649521139322667584e-02 1.764013057764978742e-01 1.703936917233496162e-01 4.768351113150125498e-01 5.423395497752915295e-01 1.900851600263504804e-01 6.070231360708427948e-02 8.207645685329098550e-02 2.101690259187613263e-01 4.303670427690137190e-02 3.385556000419723960e-02 1.694303990221031064e-01 8.793214456045864158e-02
2.583797835909814600e-01 -1.997413230642194337e-01 -6.750679956040087082e-02 -1.863370325563416530e-01 -5.445332739661733895e-02 4.961180218393130281e-01 2.440237406055612845e-01 2.892878438302466937e-01 6.347744909364895494e-02 1.679356260710147541e-01 -4.552112443651749885e-02 2.809995861891535496e-01 1.119861199776726879e-01 -3.005853264635490185e-01 1.566940329972867363e-01 5.021678424067142765e-02 9.974935156284210347e-01 1.333389416312948383e-01 2.892825792512332406e-01 1.175737557225671470e-01 5.495544315583011930e-02 2.530893872359555111e-02 -2.621000105902880628e-02 1.367766154820825308e-01 1.050363904218158950e-01 5.247636876913925469e-02 1.608258562620579757e-01 2.562400908102353547e-01 -4.986422229961247343e-02 3.000788519955068304e-02 2.728187766709998519e-01 1.796216329636225462e-01 3.284581497034690378e-01 3.543277548234299301e-01 1.262166523194423462e-01 -1.906311473976674831e-01 5.930069569424092912e-02 1.129908817026168272e-01 -1.596104325920727207e-01 4.820508925741580075e-01 -1.681119413558604392e-02 2.075906708501729647e-01 1.621733835523427314e-01 1.826686253941453009e-01 4.771449058474645788e-02 -5.802490842399576215e-02 2.924643611721701175e-01 2.148483329853742574e-01 1.625784817654895575e-01 3.150655864249548022e-01 2.159338360679648461e-01 6.314514991153037660e-02 -2.128450073244338853e-02 1.093526989816497735e-02 7.384666957677873955e-02 4.354827095065975234e-02 1.814328142518802645e-01 3.055676970460709518e-01 -1.909637699538973277e-01 2.298038869334284307e-01 9.494217917912270432e-02 6.940018401877909304e-02 2.638633852321522477e-01 2.344712956284382976e-01
1.636022717377267621e-01 -2.779618198945187774e-04 1.201520696231921231e-01 1.229573769487651985e-01 3.605254874017062017e-01 1.203258183695805617e-01 2.483525493933038952e-01 1.371975865832501806e-01 3.745317228851109403e-01 1.188024562169931048e-01 2.745877535063530051e-01 9.016024046319814911e-02 2.066954049579400876e-01 1.300612916818666420e-01 8.689308326034107799e-02 2.458542444233025592e-01 1.333389416312948383e-01 9.974937238909031834e-01 6.404056256899323674e-02 2.120904678549780376e-01 1.794408493086568357e-01 9.410616578710095936e-02 -5.190547338790438281e-02 2.893825750642458061e-01 4.817952857579141379e-02 -2.735120151196599250e-04 2.970190507775271604e-01 1.283238194925824527e-01 1.501948123728402973e-01 2.375628280035985140e-02 2.426770376128652429e-01 4.067511229671806339e-01 3.046152144336561340e-01 8.413910273443178656e-02 1.667751866788341475e-01 9.150401681607364668e-02 1.672782017808645549e-01 1.948660067772506610e-01 -4.989825640232053300e-02 2.827637355639459615e-01 -1.352583857699137665e-02 3.835586211327394190e-01 2.064983566495797729e-01 1.420119597827511071e-01 1.007049342005597592e-02 1.436240711350748600e-01 1.700639081120289553e-01 2.266229341801151431e-01 1.483192333897088988e-01 1.658278205961762342e-01 1.460126923798820697e-01 1.985103480713668322e-01 2.683799393001475853e-01 4.564257911301565218e-01 2.229543278598412337e-01 2.494906645159256087e-01 2.776804462552203145e-01 1.499807292571379569e-01 1.416635848935085817e-01 2.170185351987790057e-01 1.073760532088127578e-01 1.142432310291012221e-01 1.141312582039064050e-01 1.199149238405439188e-01
2.289959086664465626e-01 -2.940134367794596804e-01 -2.439047305123162035e-01 -2.858390749131252129e-01 1.649341736760648672e-02 4.445945523200834915e-01 3.160098405922846521e-01 6.447972434478845827e-01 1.259378833182105140e-01 2.500862964686363377e-01 -1.697979587465114210e-02 3.359885630859249517e-01 2.684705193846618210e-01 -1.925794313447800055e-01 1.650333586528954510e-01 3.562134116672085321e-02 2.892825792512332406e-01 6.404056256899323674e-02 9.974944830353692504e-01 3.271156056628425901e-01 8.375633721984349078e-02 -1.661695589327627787e-01 -1.205928050786595970e-02 1.658980345508932475e-01 3.092186995704117314e-02 -1.135592395839452873e-01 1.205872587699546583e-01 5.033519535614086049e-01 -1.377127339863193911e-01 7.155083534713216342e-02 4.318478732114902630e-01 4.708286507833482626e-03 3.525439969088987602e-01 2.108662248553238028e-01 -1.881783424951155581e-02 -2.716735355097082971e-01 1.330896446082487083e-01 -1.078144896756216137e-01 -1.034114364603769820e-01 3.205633710426466498e-01 9.528459164706253037e-02 2.145844586590046621e-01 -2.427026016483746496e-02 2.958293428186888341e-01 3.388294438065858616e-01 -1.362463485501184401e-01 3.378141243743149613e-01 -3.451924661965305452e-02 2.656543430878961776e-02 3.843224538812111124e-01 1.034804434438392484e-01 5.095642503546540109e-02 1.017797243019477743e-01 -1.674980246410986418e-01 -2.553419599111105692e-03 9.900158921908801257e-02 1.533210371077463330e-01 1.373158039469910274e-01 -4.391253669716573688e-02 5.021614569460701727e-01 8.057726359912337211e-02 1.116543472530454328e-01 2.311262682021686388e-01 1.932901162167143805e-01
7.676717773376505460e-02 -5.141329894520760280e-02 -1.566258548821897190e-02 -1.100010815562667277e-01 3.659431801117123406e-01 1.426818488361263071e-01 2.018319008592234787e-01 3.578386408156403187e-01 2.734825582046671033e-01 2.240153811361836333e-01 1.455238897932589481e-01 1.791330478788307201e-01 5.881300025927811426e-01 3.814874917874015725e-02 6.033781777095888199e-02 2.711920594766318859e-01 1.175737557225671470e-01 2.120904678549780376e-01 3.271156056628425901e-01 9.974942579120786856e-01 1.704043301575543234e-01 -2.382760540140472227e-01 8.311671670807103951e-03 3.439636118805751153e-01 -1.194903209051689612e-02 -1.432587179982696135e-01 2.267952150053328952e-01 3.788126516896954676e-01 7.464278709906622955e-02 -5.280482919149738497e-03 4.405011326272422201e-01 1.559461508747646274e-02 3.343538760888842831e-01 9.383903414518143804e-02 -6.862098297677886316e-02 -1.206739608538384689e-01 3.764225680620458814e-01 -1.195698920324364534e-01 -6.276608728585307551e-02 2.105228934171364807e-01 2.756812202262200473e-01 2.822063011180648284e-01 -5.126945143051352127e-02 3.297161751494964710e-01 4.948880201563546910e-01 8.193869527846392442e-02 2.261469206639316609e-01 -8.790674724668683104e-02 5.175297157791623054e-02 2.854457472447644584e-01 4.843012225695492168e-02 9.868587135796685894e-02 2.899365230890627032e-01 1.054059856476532997e-02 1.589383194352895490e-01 4.176441380156581951e-01 1.592060503129682225e-01 9.370260496162109709e-02 1.541265584067834371e-01 5.044410481921366429e-01 7.376663071550089087e-03 5.042447157802282948e-02 1.696060054826877272e-01 7.252665863683580016e-02
2.705644217544847865e-02 1.057237823770731944e-01 1.061105122123787992e-01 2.599975942594887068e-02 1.619297563740743628e-01 4.302087675641704662e-02 1.061939193529655157e-01 1.203414115951401409e-01 3.512476564986635741e-01 8.778434926682621153e-03 1.215246142392875789e-01 7.165165578346958941e-02 1.531816216264393349e-01 3.100367844455355348e-02 4.105590916226640325e-02 1.692572268708721350e-01 5.495544315583011930e-02 1.794408493086568357e-01 8.375633721984349078e-02 1.704043301575543234e-01 9.974938898599904347e-01 1.541950652176379832e-02 -2.941534813475969387e-02 1.840246368647436292e-01 1.424714763914146365e-02 -2.116570158712864289e-02 1.537791383195542261e-01 1.424201942850706892e-01 9.253133502194349491e-02 -1.334767516555534703e-02 2.203873846830072258e-01 9.248291379780208821e-02 1.603368898272344856e-01 4.970224289559890818e-02 6.873574498526498211e-02 -2.110759812551434716e-02 1.071214616143212894e-01 2.989213215635185689e-02 -1.578237490914146945e-01 1.234563607764573578e-01 4.756047426438020365e-02 1.706431072041562080e-01 7.066099977364226348e-02 7.672332448781389591e-02 7.209972692932768712e-02 1.037138237995501588e-01 1.068206091632067367e-01 4.500660476909304486e-02 5.546395965334100647e-02 1.243023884391661615e-01 4.405263510347479095e-02 9.400793295702183916e-02 1.840499366472349574e-01 9.092127355810940281e-02 2.113154249159917009e-01 1.626172430944006486e-01 9.337971231326347432e-02 3.655629357322209838e-02 9.283203741885283355e-02 1.816961492451079074e-01 9.727379852468499843e-03 -1.876034941026977210e-02 8.219607565748716926e-02 5.040823065127506691e-02
8.977308488222264515e-02 6.337164797922066606e-02 2.805568455950770423e-01 3.821008425258523022e-01 -1.226476288812257814e-01 3.338793288957567218e-02 4.646557601473275817e-02 -8.782913025196867340e-02 -3.453246920242478840e-02 -2.312093635929943908e-02 4.490596852403652348e-03 9.100682136575316550e-02 -9.715872351389684414e-02 4.723828549787553038e-02 1.073151099405151992e-01 1.122115656392094346e-01 2.530893872359555111e-02 9.410616578710095936e-02 -1.661695589327627787e-01 -2.382760540140472227e-01 1.541950652176379832e-02 9.974940906530141982e-01 -1.752911937011621124e-02 1.154420902203301125e-01 1.070067682093435585e-01 2.297153227639432416e-01 2.127577533367284723e-01 -1.177042165863919077e-01 1.194706059661909819e-01 1.458014902210371111e-01 4.053301184801340329e-02 1.500343154373659504e-01 4.780368021146890606e-02 1.645779367322727227e-01 6.333903817171218087e-01 1.435466002928059426e-01 -2.428302669548272341e-01 1.615768718357485090e-01 5.130733783019695432e-02 1.714570295303190911e-02 -1.603710396183471165e-01 1.560047494628790665e-01 5.329568217653338769e-01 -9.206885269875877964e-02 -5.180931347075220517e-01 1.146695315650720221e-01 8.890321392129632572e-02 2.012186801949978343e-01 -5.388467612087183972e-02 5.397570684412496961e-02 1.601974753371587790e-02 -3.785935062294493170e-03 -6.437679842988899837e-02 2.441869585165544476e-01 2.613395322504060703e-01 -1.414991260580728341e-02 1.417123339003596438e-01 1.435698846968868746e-03 -1.099138195995373185e-01 -9.772812962158407279e-02 1.101600424929735922e-01 7.379183358847560270e-02 1.662740708925656286e-01 1.916465247065932131e-01
8.891408941640231017e-03 9.595921177014169259e-03 1.451131329171313940e-03 1.702183514562380373e-02 1.207268769452255613e-02 -2.003262576210925600e-02 -1.878448351143306369e-02 -1.581957357331594330e-02 -2.580592452069323250e-02 -3.512740604673242339e-02 -2.567142399282279150e-02 -2.194433478053533018e-02 -2.968157426587656605e-03 3.828704576759807410e-02 -1.043328267411001813e-02 -8.416752798904867175e-03 -2.621000105902880628e-02 -5.190547338790438281e-02 -1.205928050786595970e-02 8.311671670807103951e-03 -2.941534813475969387e-02 -1.752911937011621124e-02 9.974935373673102790e-01 -1.582383721984497588e-02 -1.703718385333825077e-03 7.201028788024350924e-02 -2.420123210459224766e-02 -1.396526328786235061e-02 -5.271665349275765459e-03 5.145438434722847398e-02 -2.262058663935867520e-02 -1.344942411347765654e-01 -4.813826879296963235e-02 -1.402843861920857055e-02 -1.778655186121832349e-02 2.314385453635146514e-02 6.443283668373266104e-02 -5.543952990190154084e-02 1.498871194853133026e-01 -5.720587959434239589e-02 4.916852287967145990e-02 -3.738604461270968876e-02 -1.593441075691373957e-02 -1.666766963716261041e-02 2.390877435007448398e-02 -6.301691691173288631e-03 -1.849191224897769534e-02 -6.858959998230626520e-02 -3.497493930516714505e-02 -2.463211121783046367e-02 -1.015185247581229001e-02 -2.157478681638465637e-02 -3.384761748302540611e-03 -2.352629816031591090e-02 -8.846875965546525250e-03 1.197562856126167460e-03 -1.074509974964009407e-01 4.281717995381636305e-02 6.548688316586512639e-03 -1.693572968446853746e-02 7.926527219681775427e-03 4.431537799822966167e-02 -1.024094354451322332e-02 -8.631351840511681736e-03
1.334318741194155389e-01 -3.697986531248542014e-03 2.121672559622609644e-01 8.526189367762612714e-02 2.244453378028053170e-01 1.507976380896904611e-01 2.601492226352434267e-01 2.471231165747930503e-01 2.364678611901893657e-01 1.893501643980946003e-01 1.662079580648743449e-01 2.176894751104160308e-01 4.470622866291166231e-01 4.475204969830914176e-02 1.093045313442013583e-01 5.822944100653800747e-01 1.367766154820825308e-01 2.893825750642458061e-01 1.658980345508932475e-01 3.439636118805751153e-01 1.840246368647436292e-01 1.154420902203301125e-01 -1.582383721984497588e-02 9.974937711195437373e-01 5.731701506043335864e-02 2.272791980217566538e-02 5.058834059597492327e-01 2.383824137107753982e-01 2.508478637296598368e-01 9.259801333822353930e-02 4.160712492906417648e-01 1.545038100322157493e-01 3.604935422962710634e-01 1.817561595236754646e-01 2.346157338547115723e-01 -7.773021371430350636e-03 1.666574741281222072e-01 4.730293117189377644e-02 -4.123505637348946762e-02 2.205191681472405130e-01 8.035049521371609438e-02 5.607212147769409238e-01 2.575269932504420933e-01 2.335971120456702688e-01 8.771696947157117674e-02 2.355020744066917415e-01 2.617594778072941386e-01 9.389201150753934133e-02 5.965749941681620927e-02 2.879222456835591193e-01 8.848877250368426817e-02 1.047564481491848193e-01 2.085000424125319496e-01 1.696448103027117793e-01 4.665710722479157746e-01 4.573422135852143744e-01 2.705518575776200141e-01 1.023180778252838485e-01 6.219836047319721173e-02 3.410718061286167058e-01 9.552766795737462069e-02 9.607590692484517525e-02 2.523680910657205012e-01 1.699176692428330249e-01
