9.974938101118279166e-01 -5.012384665220033508e-03 8.372189643099925416e-02 3.476905338205664164e-01 2.041503087183570708e-01 -5.920893543194181464e-03 4.252165726992552554e-03 1.485980219671204951e-02 2.957428397868881037e-02 -1.093607430099907685e-01 2.104703473593690782e-02 -8.531906965057881043e-02 1.734407132589819642e-02 3.291143113791670238e-01 1.124914734198815755e-02 -1.139456586006805210e-02 -2.971629176868736608e-04 1.557775022406575061e-01 -3.891526206097022100e-02 4.283991239159383457e-02 3.788898520531955305e-02 6.254231615070451888e-03 1.416145667746487868e-01 -3.915486362061583459e-02 1.421467373421659436e-02 6.379457762574869406e-02 -1.461987955568106942e-02 -5.192992420215348376e-02 2.327690962277916692e-02 2.319179066027864111e-01 8.010630696560049058e-02 3.306806251458320745e-01 -6.471373573080677066e-02 -4.806779781455999823e-02 1.420309918942776750e-01 1.899688346071703449e-01 -1.649188822954266165e-01 -3.414539513980564822e-02 1.899629416111824898e-01 -5.137654489343980446e-02 -3.072156410732024626e-02 -1.900975108821895826e-02 1.028752435059866049e-02 -6.197992626058095034e-02 -4.384459597295421729e-02 -8.164769251785778531e-04 1.533986734022890937e-02 -3.709494180204020441e-02 3.777540812882141177e-03 -7.977019432364323981e-02 1.150539233406480538e-01 1.006249830363145220e-01 3.967392611042127037e-01 1.397553489366379076e-01 1.320567692281610604e-02 -1.534993140048601309e-02 -6.284238472808068021e-03 7.701022238130666997e-02 4.997248648811302707e-01 7.836203008378152257e-02 1.357077707500065067e-02 1.507734540369087550e-01 -5.059961850679689510e-02 6.191043211277785091e-02
-5.012384665220033508e-03 9.974938339503262030e-01 2.934796660015109859e-01 8.435107370598404763e-02 1.382660357885446278e-01 1.927520355960589682e-01 1.388353111790510408e-01 6.104687809574759622e-02 3.786652094698976789e-01 -1.808047350749115295e-02 4.112301889778542385e-01 -1.125688508012501754e-01 1.931761032993283833e-01 8.745251342338482281e-02 9.244125075963108285e-02 3.944580049675688316e-01 1.307359970725321119e-01 1.213826666762523321e-01 9.389083824402016942e-02 1.612563568821063775e-01 3.832478164576116342e-01 2.032104735514115024e-01 1.726616452328580131e-01 3.346798336521881190e-01 1.540114007609184044e-01 2.201490609432383561e-01 1.573470522610277700e-01 -8.690799069701209134e-02 3.604880912421580819e-01 1.001106532288179862e-01 2.382204061532248729e-01 2.472493638456146978e-03 3.533571830262356023e-02 -1.333555045516328363e-02 1.743270011920987905e-01 -4.925631915471086718e-03 1.813278380813918844e-01 1.160205056980697230e-01 3.308109643351249407e-02 7.815863169001285859e-02 -3.238361555484446652e-02 2.424706559328565492e-01 3.519315941149086385e-02 -9.816817461630590602e-02 -1.386346539352045423e-02 3.682724430631631463e-01 4.944022251826554748e-02 7.929912574777078782e-02 1.792374689934171927e-01 -3.931106237374890761e-02 3.374361477792486852e-02 3.700825010705354606e-02 9.999493827074032448e-02 8.692388825109650941e-02 2.449037041559444239e-01 2.491009886043736299e-01 2.544858487204241237e-01 8.608511156610944293e-02 5.681605993813330230e-02 2.647794854043287738e-01 2.674403980475828502e-01 7.992126799403394266e-02 -4.777816950696681109e-02 1.940959723381346647e-01
8.372189643099925416e-02 2.934796660015109859e-01 9.974932216978589228e-01 1.959331028228444016e-01 2.513888485041666510e-01 3.024862520246167641e-01 1.313826256058552300e-01 7.788853681904704673e-02 4.024375394928852434e-01 -1.092719144530248793e-01 3.198770404388991961e-01 -2.326616996562933248e-01 2.971470040079800534e-01 1.893019635945452639e-01 1.263844589343246227e-01 3.559098432075519236e-01 2.127130490207411462e-01 1.793983317102115227e-01 1.259864774452731373e-01 2.772634936705755115e-01 3.038073076518688631e-01 2.323487626927153160e-01 2.887527154356530623e-01 2.986280310145988937e-01 2.118300502840083921e-01 3.248251955162119731e-01 1.522691114768001397e-01 -2.434750564395526673e-01 4.117301754188334439e-01 1.961363826892162654e-01 5.386393215931276623e-01 3.386904307987195079e-02 -7.680365221007274742e-03 -3.862678201825106572e-02 3.652965378612453295e-01 2.409719557713003654e-02 2.032510329133566940e-01 1.262227317232350876e-01 9.598399132555680835e-02 6.000253858615403613e-02 -8.628356131390052530e-02 2.340909819637131406e-01 3.838295559140031399e-02 -2.059810328061901785e-01 -5.614025951285796234e-02 2.947769705569931453e-01 5.435127260245006808e-02 6.489269622872992360e-02 2.621295788876040200e-01 -1.276508799885228140e-01 6.352597167482647300e-02 6.269266814500788765e-02 2.258833949446743816e-01 1.622640765824380771e-01 3.295895426390618166e-01 2.434754434308784021e-01 2.278498325432823102e-01 1.501962539030591293e-01 1.560606820879868462e-01 6.716560881751989509e-01 2.246609537874794671e-01 9.185018406244584155e-02 -9.625801968962464927e-02 3.034651407144233204e-01
3.476905338205664164e-01 8.435107370598404763e-02 1.959331028228444016e-01 9.974939588268804114e-01 3.180389657446620610e-01 8.945926824882802220e-02 7.867764506071661668e-02 8.045944044480138335e-02 1.064391430784806802e-01 -3.922900558422233452e-02 7.907158362162924892e-02 -8.721476185936014036e-02 1.103165920516081394e-01 5.881019627475887468e-01 3.643183945823962044e-02 9.079664609963482291e-02 5.700920516512154174e-02 1.578008182997583941e-01 5.655342886596186752e-02 1.299159599344380522e-01 1.564816933443088920e-01 7.936688869120009371e-02 2.403497078666802511e-01 7.469132851147067265e-02 1.123098066467979883e-01 1.847796665524575332e-01 -1.274877419122989394e-02 -4.806042688461444057e-02 1.251580374314082977e-01 3.404057914951361674e-01 1.757385290069480854e-01 1.372500893561617585e-01 -2.371654514638383074e-02 1.074132271930935967e-02 2.060581130856771470e-01 1.170473470363262991e-01 3.179666549855130614e-02 -3.922694141107454374e-02 3.592890211055567162e-01 -3.873989479673325270e-02 -9.132268108281165961e-03 5.614160484587916999e-02 6.207924515613143235e-02 -5.540354511143928684e-02 5.361969129267020115e-03 7.888077753263617042e-02 6.978364017881366621e-02 -1.429830579570612603e-01 5.337429404898370172e-02 -5.484339498208960079e-02 7.644764566777074999e-02 1.163558822360494377e-01 3.780088790369810492e-01 1.613968930267975221e-01 1.273245320114909929e-01 4.248749728710506102e-02 2.461800034230628847e-02 9.818607393114894832e-02 6.382369330726267442e-01 1.800535918641183730e-01 1.165196034627541677e-01 1.433188404380780767e-01 -9.491935281692388121e-03 1.625435263282193898e-01
2.041503087183570708e-01 1.382660357885446278e-01 2.513888485041666510e-01 3.180389657446620610e-01 9.974936042963603589e-01 1.940107148781477220e-01 1.043288405470703673e-01 1.266523650790191968e-01 1.694046948649300666e-01 -1.864161686569040799e-03 1.532389506231855714e-01 -1.171518694054087262e-01 2.032698603550955607e-01 4.597679309635608891e-01 6.263984817917131465e-02 2.174479609258442858e-01 1.361838467454520585e-01 3.357921828423611199e-01 1.392314475882907854e-01 2.345810854402740619e-01 1.783966893456201130e-01 1.686749689400018348e-01 4.664802274712282482e-01 1.791823749705912794e-01 1.802297466007482252e-01 3.804347754109830837e-01 1.223321898871634200e-01 -4.971770506759962127e-02 2.523887316555475380e-01 3.621984318393717817e-01 2.603377351940439066e-01 9.898184172120574886e-02 2.865091023058046610e-02 5.456463092279074251e-02 2.772131177478124875e-01 8.352745895158046607e-02 1.614479518463359797e-01 6.870921135507504496e-02 1.653890615207208037e-01 4.853276901143559197e-02 5.260498918748058271e-03 1.660451294612795836e-01 1.249707948111117295e-01 -6.128515917411105768e-02 3.727305680942627486e-02 1.583592744533398600e-01 1.009209985112431013e-01 2.291785607117653376e-02 1.359121664797063311e-01 -3.830467591392182347e-02 7.631457531026861196e-02 8.608716999319780683e-02 3.676420135835763991e-01 2.887005627704265498e-01 2.365239617655498783e-01 1.573618133302707722e-01 1.556073750969143576e-01 1.498923960093628271e-01 3.202568793389158341e-01 2.797728312159356023e-01 1.281216113198020978e-01 9.765987306916917854e-02 1.583728821782645971e-02 2.521954220266153790e-01
-5.920893543194181464e-03 1.927520355960589682e-01 3.024862520246167641e-01 8.945926824882802220e-02 1.940107148781477220e-01 9.974932105049924003e-01 1.577693907165834131e-01 1.614228409211347082e-01 2.122744538304318640e-01 7.028789823237228951e-02 1.884739262389386605e-01 -6.956323167874092772e-02 2.627034483723858505e-01 1.150491906503296607e-01 7.937401733499614698e-02 3.048906315382723387e-01 2.809247546448492838e-01 1.524404678912301692e-01 3.043472330197125597e-01 2.531278848887010269e-01 2.160243297813888019e-01 2.284978540245367062e-01 2.705589431401618228e-01 2.581142266633648097e-01 3.201725210234594443e-01 3.527717520799943385e-01 1.550241671979477043e-01 -2.750174093901912309e-02 3.201165960672144317e-01 1.660103836007313372e-01 3.041559734761433154e-01 -2.643502753310167375e-02 9.832219469335162776e-02 1.268216077226310412e-01 2.423701248070839753e-01 7.716099548170947571e-03 3.558596175220463120e-01 1.729946021126955724e-01 7.620089487227733882e-02 1.225886488350324544e-01 3.132081980774870100e-02 2.350406011582377996e-01 1.426744923865480574e-01 -3.929176148033231009e-02 9.025849819635159421e-02 2.180858212954481790e-01 1.372340890227252697e-01 8.422992624812902784e-02 3.376155201999079813e-01 2.380996619321338117e-02 7.062934152551590683e-02 8.118447246765647662e-02 1.336724186183151364e-01 1.653014036652441510e-01 2.983756185017724105e-01 2.198474273244983845e-01 2.010267210416031014e-01 1.954898529695228149e-01 5.417875331613128398e-02 3.620288373684041328e-01 2.143966612193650700e-01 8.316354644555699893e-02 6.417874950385391020e-02 3.343490434311273130e-01
4.252165726992552554e-03 1.388353111790510408e-01 1.313826256058552300e-01 7.867764506071661668e-02 1.043288405470703673e-01 1.577693907165834131e-01 9.974933932374077106e-01 2.245903910439481788e-01 1.071212690435422721e-01 1.092384410729920347e-01 7.580554762572121186e-02 5.969829947133480086e-02 2.092532944518397109e-01 9.131612961442694965e-02 3.735810079346910118e-02 1.572195556152505835e-01 1.473398716160578548e-01 6.894761192501430713e-02 1.462555056039154255e-01 1.907329849677424360e-01 1.747387853459557439e-01 9.723444518042037576e-02 1.232474133076351813e-01 1.689690745120951409e-01 1.882284215408298322e-01 1.592153789104013006e-01 7.717837653651632435e-02 6.657256325088170557e-02 1.399605297159455808e-01 1.097130391312973879e-01 1.621541658247848960e-01 -4.597178819969118153e-03 1.101283725541790937e-01 1.519194897472801176e-01 1.346555116749415248e-01 1.480399982273111412e-02 1.742304882311480341e-01 7.437109657281161523e-02 3.939542545608748503e-02 8.750848219461038191e-02 9.200846083728883573e-02 1.316858023512919862e-01 1.673407953598645970e-01 7.325127685045731973e-02 1.358025393178874385e-01 1.217568008901221133e-01 1.384388025664595179e-01 3.081087618861123867e-02 9.820986404973992834e-02 9.047728007426045216e-02 -2.186140937505639745e-02 4.001796454776173489e-03 8.142848926926406217e-02 9.914585470292683334e-02 1.875747077522632866e-01 1.045642545629910380e-01 9.654191985239812812e-02 2.450057235178464826e-02 6.021058083954413526e-02 1.450333147355984120e-01 4.257455999064265750e-01 1.336772400661634941e-01 1.760890556017603858e-01 2.024114542408893824e-01
1.485980219671204951e-02 6.104687809574759622e-02 7.788853681904704673e-02 8.045944044480138335e-02 1.266523650790191968e-01 1.614228409211347082e-01 2.245903910439481788e-01 9.974938951708787194e-01 3.102363849484271463e-02 2.305284393098120388e-01 -5.488268397438548357e-03 1.727762439621195467e-01 2.172014995257809389e-01 1.063433889221376827e-01 2.718707438616114330e-02 1.184011842108173562e-01 1.772445763150248543e-01 1.089898700521962221e-01 2.897375181906819419e-01 2.737808483675333582e-01 1.043676842823472589e-01 8.098097592101982656e-02 1.492879147617400537e-01 1.244447115670029164e-01 1.785478592037308410e-01 1.813442581642404072e-01 8.633745678521284606e-02 1.960087136006226638e-01 9.423782269940911283e-02 2.012316393382217461e-01 1.635844881379049376e-01 -6.761551539631166334e-03 1.970865187943752206e-01 3.598227760720622559e-01 1.566533990198677451e-01 1.745609912175193068e-02 1.936008294792830320e-01 8.615945643092269568e-02 1.984358825012335487e-02 1.322500770454443919e-01 1.884818032509725516e-01 1.279944786172391435e-01 3.148547857225353352e-01 2.133573734074414585e-01 3.184752589397474298e-01 7.803977939167845712e-02 2.688385687994230278e-01 3.576074944505791553e-02 8.792668371995719656e-02 1.993696051865760377e-01 -3.794245802627030373e-02 -1.253527173984083677e-02 1.054235252393836419e-01 1.579728678528899977e-01 1.840104887029793135e-01 8.818825879794181533e-02 7.916070625143664663e-02 -2.997024710272692266e-03 7.425438652705870779e-02 1.136491992364565412e-01 1.424154321774539489e-01 5.688403043254510599e-02 3.135720741106430287e-01 2.559490924517082155e-01
2.957428397868881037e-02 3.786652094698976789e-01 4.024375394928852434e-01 1.064391430784806802e-01 1.694046948649300666e-01 2.122744538304318640e-01 1.071212690435422721e-01 3.102363849484271463e-02 9.974936242718246415e-01 -7.908864779531768474e-02 5.374242484945067622e-01 -1.980973502480265491e-01 1.893383726130830058e-01 1.105544994793058178e-01 1.140753430014337932e-01 4.051955685450829847e-01 1.308083124641777339e-01 1.587884200087408826e-01 7.558659662989966610e-02 1.581451861525436930e-01 3.861689099947659964e-01 2.508521473577413063e-01 2.117709860036760539e-01 3.053574762279842036e-01 1.564386644283393690e-01 2.540998015951797528e-01 1.817134437398418567e-01 -1.638020111962348868e-01 4.216691906378311483e-01 1.200316280568615168e-01 2.813241437224842656e-01 1.909469350020096337e-02 -6.025750316179559821e-03 -8.004793657921620287e-02 2.034755075457476692e-01 -4.131572770254485216e-04 1.793069742018209567e-01 1.238358386437343334e-01 4.619612487395886175e-02 6.575006076597483817e-02 -8.529227201985793705e-02 2.763631663537249317e-01 -7.738098424025681432e-04 -2.090637549693065145e-01 -7.424653114402716969e-02 2.925515085752976585e-01 1.933353492215960506e-02 9.133832085163362535e-02 2.084300949080352683e-01 -1.046440732160033166e-01 6.319381582855709834e-02 5.495356495972571892e-02 1.309713439114549849e-01 1.200458727181958896e-01 2.548228419232397290e-01 3.036037277582714911e-01 2.981953902039891635e-01 1.213311486412316509e-01 8.113908984918542788e-02 3.292121855765587357e-01 2.107688927771277088e-01 6.817341225671941229e-02 -1.386528524269068363e-01 2.057732404130066528e-01
-1.093607430099907685e-01 -1.808047350749115295e-02 -1.092719144530248793e-01 -3.922900558422233452e-02 -1.864161686569040799e-03 7.028789823237228951e-02 1.092384410729920347e-01 2.305284393098120388e-01 -7.908864779531768474e-02 9.974933380550470297e-01 -1.066564572445313774e-01 4.394686361602641589e-01 1.297545556937012290e-01 -2.602131591534450131e-02 -1.184975498868357999e-02 3.800350248926422092e-02 1.287507565839233203e-01 4.258794058926083925e-02 2.186897856393136275e-01 1.614268142290398722e-01 1.117081932918749868e-02 1.822672659190140848e-02 -2.308478498436235954e-02 5.481487218005857975e-02 1.018888539556517675e-01 3.991910386313089754e-02 7.841545592579642066e-02 3.369176835376729851e-01 -2.873522067376724914e-02 1.219520698930551608e-02 2.099662628137296747e-02 -5.606883251841507376e-02 3.280423713236143568e-01 4.535025990868495338e-01 3.252549068304075308e-02 -1.910705531459572573e-02 2.234157409560574570e-01 9.572861602977839057e-02 -7.419811149363464420e-02 2.026954002742038241e-01 2.819667319189373966e-01 1.026015208325113670e-01 3.078144503976015245e-01 3.641355932340114565e-01 4.757912607990412712e-01 2.113939847632228738e-03 2.388448919169503804e-01 4.825060505844004644e-02 3.147143840447037821e-02 4.962669650135884125e-01 -1.075780263268334980e-01 -7.812291521436995345e-02 -1.681528568916623029e-02 7.997289171725016632e-02 9.341384967142092599e-02 4.232496921820311231e-02 6.228030491241756672e-02 -1.177279347693564460e-01 -4.640291300106887812e-02 -5.249891074643060068e-02 4.828262169044391511e-02 -8.123110582794806564e-03 4.696806953204629154e-01 7.726273393351067165e-02
2.104703473593690782e-02 4.112301889778542385e-01 3.198770404388991961e-01 7.907158362162924892e-02 1.532389506231855714e-01 1.884739262389386605e-01 7.580554762572121186e-02 -5.488268397438548357e-03 5.374242484945067622e-01 -1.066564572445313774e-01 9.974940480142615584e-01 -2.198220445112634147e-01 1.528007446770777711e-01 8.867875980814281245e-02 1.516292150846802467e-01 4.095781802498247304e-01 1.030339262315350390e-01 1.631195292875912972e-01 4.453187288831789159e-02 1.160612066366436962e-01 2.962911774769508289e-01 2.524318630629529547e-01 1.967261917623354950e-01 3.027260932366783730e-01 1.309721008467699954e-01 2.404995777540163415e-01 1.823244091747887319e-01 -1.730970122807716227e-01 4.768792575828559310e-01 9.515451057992771466e-02 2.269243930752277982e-01 2.088047103865213125e-02 -3.111328535346426227e-02 -1.542149553155666430e-01 1.671077928216542774e-01 -3.110818327994919856e-03 1.596665688429114160e-01 1.275385567753259952e-01 2.927534162710576648e-02 5.468525159945600289e-02 -1.132558682008685813e-01 2.665830084728997296e-01 -4.080097283901612526e-02 -2.041961246481572290e-01 -1.242281032229324012e-01 3.178708683837167537e-01 -1.484911126645563351e-02 1.088435277886644625e-01 1.925193682034733733e-01 -1.286734995920915670e-01 7.190298973087763668e-02 5.548216188325177933e-02 1.104960107048859330e-01 1.072328087982777484e-01 2.242406538149735173e-01 2.840379648696339521e-01 3.902282705140991403e-01 1.205981076512913780e-01 6.099384412497010216e-02 2.751907202118551998e-01 1.718703026976683701e-01 5.238455062055002998e-02 -1.998604870328569150e-01 1.711798591208406883e-01
-8.531906965057881043e-02 -1.125688508012501754e-01 -2.326616996562933248e-01 -8.721476185936014036e-02 -1.171518694054087262e-01 -6.956323167874092772e-02 5.969829947133480086e-02 1.727762439621195467e-01 -1.980973502480265491e-01 4.394686361602641589e-01 -2.198220445112634147e-01 9.974933980568938541e-01 3.623341049265493830e-02 -9.279988017061231720e-02 -5.206980740474944497e-02 -1.154249566766799573e-01 6.179184127687636224e-02 -3.865924938014789897e-02 1.019183786437305450e-01 6.814057480967931901e-02 -8.783572463592786983e-02 -1.086673976050528401e-01 -2.302384454568342786e-01 -6.482047307659921653e-02 -6.847685617134099956e-03 -1.752931608511441586e-01 1.750918002646235927e-02 4.697572579493842770e-01 -2.194715289235181221e-01 -8.403501485298708884e-02 -9.515138657851693327e-02 -3.539276341517085672e-02 3.534758912014333565e-01 3.801628102538660015e-01 -6.968221067535704250e-02 -2.455699208893729127e-02 3.444212435344762985e-02 5.130744195176661915e-02 -1.365977941432480192e-01 1.941252751796896936e-01 3.199249936030370556e-01 -4.758934123106187825e-03 2.560351622566661711e-01 5.435120620178185424e-01 3.671598449797023322e-01 -1.043670564039584914e-01 1.859411390121901986e-01 1.891984955008719702e-02 -5.801569425603973762e-02 5.914804599205309987e-01 -1.845885512729264766e-01 -1.504085737717603677e-01 -7.867898531458847322e-02 -1.250455203987066791e-02 -3.489197258262991680e-02 -5.568434629881210962e-02 -5.209922698007203590e-02 -2.918413375298167245e-01 -7.627722002036056714e-02 -1.908746438197873874e-01 -2.592999377257227539e-02 -4.507700395524750353e-02 5.382976317521178666e-01 -4.633443554108034740e-02
1.734407132589819642e-02 1.931761032993283833e-01 2.971470040079800534e-01 1.103165920516081394e-01 2.032698603550955607e-01 2.627034483723858505e-01 2.092532944518397109e-01 2.172014995257809389e-01 1.893383726130830058e-01 1.297545556937012290e-01 1.528007446770777711e-01 3.623341049265493830e-02 9.974938697351574124e-01 1.305291209471665381e-01 6.956485877571481902e-02 3.020263337457504416e-01 3.501449490467933301e-01 1.661279264634076824e-01 2.108212346874275833e-01 5.707623709275200241e-01 2.333508657292149568e-01 1.782289504559539384e-01 2.284761086090202897e-01 3.526440112197021803e-01 2.491419973519833075e-01 2.944393917505968572e-01 1.647849123876178323e-01 5.263048469847617095e-02 2.749911224067708160e-01 1.693047889960949126e-01 3.728094365711653868e-01 2.204698703839497263e-03 1.625940135333830971e-01 1.954747363474023114e-01 3.179999105466601028e-01 9.741925578486604342e-03 2.621333589671873132e-01 1.501595967329326653e-01 2.847037244293419353e-02 1.598756773316889479e-01 1.050886719784774048e-01 2.417898465910390537e-01 2.253916718116636964e-01 5.634642341867959758e-02 1.763903012290048422e-01 2.325171953575484451e-01 2.453421962457892347e-01 7.544690430238530643e-02 1.841165990400827068e-01 1.036379790357547653e-01 -5.049051211325383121e-02 -9.379816301479416973e-03 1.679675048673417159e-01 1.817412426868648956e-01 4.497147787817090681e-01 2.143857266357638569e-01 1.935319693936784213e-01 4.388273402281778895e-02 9.238468854264256236e-02 3.653857552350812665e-01 2.283917521004956708e-01 7.733813877861617225e-02 2.007431497531233511e-01 2.996833612103405042e-01
3.291143113791670238e-01 8.745251342338482281e-02 1.893019635945452639e-01 5.881019627475887468e-01 4.597679309635608891e-01 1.150491906503296607e-01 9.131612961442694965e-02 1.063433889221376827e-01 1.105544994793058178e-01 -2.602131591534450131e-02 8.867875980814281245e-02 -9.279988017061231720e-02 1.305291209471665381e-01 9.974939242351222868e-01 4.128979603034173274e-02 1.150260539164722623e-01 7.622051922071675090e-02 2.033035958479001981e-01 8.063794864777107385e-02 1.550128559473388234e-01 1.414239450838238876e-01 9.976971338564366576e-02 3.151807291001732514e-01 9.431472963411435817e-02 1.309488738525027007e-01 2.394279860664156601e-01 2.373911346381080492e-02 -4.125792089037864235e-02 1.496117944726562676e-01 4.430535281310949980e-01 1.878534975260524043e-01 1.359955934357776619e-01 -9.254541315386381750e-03 2.838503453239404895e-02 2.195602801212795385e-01 1.502240151096151666e-01 6.213092100741848811e-02 -7.131854907901883853e-03 3.087954200515429792e-01 -1.525636304504757353e-02 -9.990304259553908946e-04 8.008056495808785202e-02 8.614045659656383025e-02 -5.148481603989304989e-02 1.939217142359533561e-02 9.218325503196675430e-02 8.319712071092724703e-02 -7.266568898203562554e-02 7.238941172011864600e-02 -4.781745570846211713e-02 8.659338794199414324e-02 1.153386496580553894e-01 3.658503219136767237e-01 2.068279442931948986e-01 1.509949856498815635e-01 6.537450549931236865e-02 5.287931535440845016e-02 1.263480142780648574e-01 5.857296212877972641e-01 1.924000203550778332e-01 1.121857612868240872e-01 1.347637335401463410e-01 3.041383699195942397e-03 1.945153437442578848e-01
1.124914734198815755e-02 9.244125075963108285e-02 1.263844589343246227e-01 3.643183945823962044e-02 6.263984817917131465e-02 7.937401733499614698e-02 3.735810079346910118e-02 2.718707438616114330e-02 1.140753430014337932e-01 -1.184975498868357999e-02 1.516292150846802467e-01 -5.206980740474944497e-02 6.956485877571481902e-02 4.128979603034173274e-02 9.974940264248786104e-01 1.245609366634344295e-01 5.072065764558365830e-02 5.328114765047864410e-02 3.858472611649077511e-02 6.326370679869029734e-02 8.623092397022989741e-02 8.323542084728909052e-02 8.116944025430837539e-02 9.548147650022792421e-02 6.409547875232642078e-02 9.820556088771086045e-02 5.320396852525963172e-02 -3.789361059837402512e-02 1.680473785357444738e-01 5.133210456188555537e-02 9.615101050939768579e-02 5.108022628993895420e-03 8.196319573537251199e-03 -5.903836405857725012e-03 7.238216408426764725e-02 2.908414321933298387e-03 6.738413578799433423e-02 4.177710634018025337e-02 1.747785121351998205e-02 2.649833297172389523e-02 -1.778783285370888478e-02 8.040204360245635506e-02 1.548788264849132457e-02 -4.063899841945281532e-02 -7.034455902855743514e-03 9.142816067053469165e-02 2.210121502491744355e-02 2.740418283136087166e-02 6.584110633355415299e-02 -2.128808315596404654e-02 1.841150815090205131e-02 1.715605002034396517e-02 4.712289764467383901e-02 4.680981206115997911e-02 9.001904191920186149e-02 8.044485866892317483e-02 8.835286072770594246e-02 3.958588740379784254e-02 2.952802422164852933e-02 1.085346011176430842e-01 6.021139734569770641e-02 2.243568354747135438e-02 -2.206667320641198318e-02 1.159901813619153982e-01
-1.139456586006805210e-02 3.944580049675688316e-01 3.559098432075519236e-01 9.079664609963482291e-02 2.174479609258442858e-01 3.048906315382723387e-01 1.572195556152505835e-01 1.184011842108173562e-01 4.051955685450829847e-01 3.800350248926422092e-02 4.095781802498247304e-01 -1.154249566766799573e-01 3.020263337457504416e-01 1.150260539164722623e-01 1.245609366634344295e-01 9.974937927543986449e-01 2.128559549029666598e-01 2.518533144909225197e-01 1.830374292876401632e-01 2.571864608780594641e-01 3.532477105336812029e-01 3.580598444222789500e-01 2.731126943672949059e-01 5.775223194515914926e-01 2.421293013083657963e-01 3.610047823008111223e-01 3.274589245374950885e-01 -6.955328839258655138e-02 6.218287656398607810e-01 1.497711261334211397e-01 3.153775059091233901e-01 3.539723846872049745e-03 1.160609388755504123e-01 5.765165444236137332e-02 2.500529937365462141e-01 -2.057864813134658091e-02 3.364344581785265742e-01 2.252739923274176825e-01 9.589458929051239075e-03 1.777483258092396046e-01 -2.335902290182642182e-03 4.722598530360830882e-01 1.093439139701632701e-01 -7.974233622073201300e-02 4.023484670271383623e-02 4.592797336433868671e-01 1.033891059071418705e-01 1.694621346404088791e-01 3.317734677282688782e-01 3.159120303774136558e-03 4.858210588239238181e-02 4.344388660972067773e-02 1.509027439032405160e-01 2.009425623998211674e-01 3.824460454430302914e-01 5.139959390979385034e-01 4.688547768678970606e-01 1.169663937725330116e-01 6.695488025473234073e-02 3.440092256966522655e-01 2.416128179254003472e-01 6.169312872168238038e-02 5.102052502913476638e-03 2.749815650069427075e-01
-2.971629176868736608e-04 1.307359970725321119e-01 2.127130490207411462e-01 5.700920516512154174e-02 1.361838467454520585e-01 2.809247546448492838e-01 1.473398716160578548e-01 1.772445763150248543e-01 1.308083124641777339e-01 1.287507565839233203e-01 1.030339262315350390e-01 6.179184127687636224e-02 3.501449490467933301e-01 7.622051922071675090e-02 5.072065764558365830e-02 2.128559549029666598e-01 9.974943612908802049e-01 1.307781478312061152e-01 1.798326432333411939e-01 3.218820470839173775e-01 1.655041466148912954e-01 1.334732932027498098e-01 1.604358799885749198e-01 2.049657654779991622e-01 2.053437544793026426e-01 2.125564546362962437e-01 1.595635123440268532e-01 6.149316462194223676e-02 1.916987496657659440e-01 1.172738522819432028e-01 3.338408737770911516e-01 -1.042140755344771966e-03 1.993584969507865845e-01 1.771292198719197630e-01 2.308256186334618210e-01 2.883829831983204198e-03 2.081094316791980980e-01 2.324320387146545652e-01 -5.895465362855879798e-03 2.485549207616861711e-01 9.423434687153553480e-02 1.951265085997835047e-01 1.743516901316583545e-01 7.196754499495602864e-02 1.651189495266298934e-01 1.525404221602367216e-01 1.620150086098945119e-01 1.003027786300457608e-01 1.788414648542391849e-01 1.297921288935116602e-01 -2.592403639255121128e-02 -1.212655917411513407e-02 1.139700124013328514e-01 1.380860863968271790e-01 2.541614909645641962e-01 1.654366127490437544e-01 1.613682918947391409e-01 3.212653710843410559e-02 4.155501145163319199e-02 2.476845159547108044e-01 1.491315343425960172e-01 4.404982153218554158e-02 1.757292307173622392e-01 2.379915801379890727e-01
1.557775022406575061e-01 1.213826666762523321e-01 1.793983317102115227e-01 1.578008182997583941e-01 3.357921828423611199e-01 1.524404678912301692e-01 6.894761192501430713e-02 1.089898700521962221e-01 1.587884200087408826e-01 4.258794058926083925e-02 1.631195292875912972e-01 -3.865924938014789897e-02 1.661279264634076824e-01 2.033035958479001981e-01 5.328114765047864410e-02 2.518533144909225197e-01 1.307781478312061152e-01 9.974937731537952823e-01 1.148239537362130275e-01 1.818478968009205610e-01 1.467760636651521400e-01 1.575201351170141262e-01 2.820925216605752461e-01 1.915693523659467989e-01 1.375025526038029244e-01 2.536835952884325396e-01 3.082483638310140051e-01 -8.814266013736429817e-04 2.227063518948304566e-01 2.157122609562103221e-01 1.961415210313624813e-01 1.893715877796423308e-01 8.417092858471506012e-02 7.955648911273954793e-02 2.142588273188625048e-01 5.930375102800397591e-02 1.321911784050943950e-01 1.422070711206325777e-01 3.049041487395799319e-02 1.310093763212757945e-01 3.366069566181034700e-02 2.307081942036993960e-01 1.784788226165817671e-01 -8.330730462878471396e-03 6.154616293671316685e-02 1.517564203076491314e-01 9.341752046980694724e-02 1.379180591033806469e-01 1.513062840729629266e-01 2.704846723584793805e-02 4.309161912710984810e-02 3.341060503408979643e-02 3.052738144751986349e-01 5.147218900190507762e-01 1.894412928515715744e-01 2.677981539865356697e-01 3.094510876195270543e-01 7.320162443964502164e-02 1.814211113976629264e-01 1.906658206672307843e-01 5.148712556643304794e-02 4.146338685753062775e-02 5.636361235048695240e-02 1.786149748101119039e-01
-3.891526206097022100e-02 9.389083824402016942e-02 1.259864774452731373e-01 5.655342886596186752e-02 1.392314475882907854e-01 3.043472330197125597e-01 1.462555056039154255e-01 2.897375181906819419e-01 7.558659662989966610e-02 2.186897856393136275e-01 4.453187288831789159e-02 1.019183786437305450e-01 2.108212346874275833e-01 8.063794864777107385e-02 3.858472611649077511e-02 1.830374292876401632e-01 1.798326432333411939e-01 1.148239537362130275e-01 9.974933936144838587e-01 2.364761864906932687e-01 1.267705932635330712e-01 1.451639444152886815e-01 1.983663084145992350e-01 1.666405888224449239e-01 2.299613084394657447e-01 3.040782735968472483e-01 1.106484517347813279e-01 1.250112858268231375e-01 1.696800165505795155e-01 1.363959969292958818e-01 1.883331585639307360e-01 -7.645958812213596301e-02 1.914820359298387842e-01 3.728971822911524292e-01 1.882348510529683883e-01 3.908941711651448686e-03 3.674565183468577745e-01 1.074493404195394491e-01 2.111011163962438902e-02 1.375732663164918046e-01 1.376910500346135713e-01 1.780917658018880134e-01 2.712131635628793336e-01 1.345839460284196099e-01 2.422904178341130921e-01 1.182989200526257112e-01 2.004706770974601926e-01 5.014473961217087022e-02 1.407006003882020628e-01 1.619902254033771249e-01 -1.232734130037294040e-02 6.653625528464698034e-03 9.327250637048495330e-02 1.592551953533989928e-01 2.252693357426584775e-01 1.293142417474730799e-01 1.228779096825915740e-01 4.833388186017277544e-02 3.650058560658621387e-02 1.625552520730752792e-01 1.326180446755182429e-01 4.264420218594803386e-02 2.304723640184302980e-01 2.231653873850812098e-01
4.283991239159383457e-02 1.612563568821063775e-01 2.772634936705755115e-01 1.299159599344380522e-01 2.345810854402740619e-01 2.531278848887010269e-01 1.907329849677424360e-01 2.737808483675333582e-01 1.581451861525436930e-01 1.614268142290398722e-01 1.160612066366436962e-01 6.814057480967931901e-02 5.707623709275200241e-01 1.550128559473388234e-01 6.326370679869029734e-02 2.571864608780594641e-01 3.218820470839173775e-01 1.818478968009205610e-01 2.364761864906932687e-01 9.974941564732235921e-01 2.144198610219758272e-01 1.666203473133036628e-01 2.541819054310551218e-01 2.688634525450712687e-01 2.450119554895460738e-01 3.226065538438596114e-01 1.498676881229153157e-01 8.971517234991741030e-02 2.426159276607759152e-01 1.981956153534020215e-01 4.254184749795633658e-01 1.142720785842992609e-02 1.741082151462759742e-01 2.468246961143654716e-01 3.981332119513727452e-01 2.162700102620450371e-02 2.552407173941078633e-01 1.384841775339917258e-01 4.082285874506846879e-02 1.563806931600565109e-01 1.392968426501315360e-01 2.191153400959514053e-01 2.994019964431928749e-01 9.443122737968931424e-02 2.218520499594925921e-01 1.917218318881738215e-01 2.697408515822428132e-01 6.666650084253661346e-02 1.689271024862694925e-01 1.301405906950252600e-01 -2.926784346226046080e-02 -2.006570706571520965e-03 2.062386711500816816e-01 2.127336289351251519e-01 3.752963378862730903e-01 1.842450079997815238e-01 1.713305404353623329e-01 4.816415787977060270e-02 1.174379578719185191e-01 3.306763990640609885e-01 1.947500080031885072e-01 7.613643003801469356e-02 2.596591236008313208e-01 3.118001730977679742e-01
3.788898520531955305e-02 3.832478164576116342e-01 3.038073076518688631e-01 1.564816933443088920e-01 1.783966893456201130e-01 2.160243297813888019e-01 1.747387853459557439e-01 1.043676842823472589e-01 3.861689099947659964e-01 1.117081932918749868e-02 2.962911774769508289e-01 -8.783572463592786983e-02 2.333508657292149568e-01 1.414239450838238876e-01 8.623092397022989741e-02 3.532477105336812029e-01 1.655041466148912954e-01 1.467760636651521400e-01 1.267705932635330712e-01 2.144198610219758272e-01 9.974935227411063643e-01 2.055829011373295767e-01 2.118904662786893212e-01 2.885674746558640202e-01 1.928925228932898417e-01 2.561491441378669354e-01 1.543412803245940157e-01 -5.980160773555810716e-02 3.416484656487905891e-01 1.493757715098915084e-01 3.189941704961834490e-01 1.561934324289315085e-02 6.910667718870724952e-02 3.796601433175829376e-02 2.290111738175459599e-01 1.188737268199093269e-02 2.048861006357877157e-01 1.148277173181729005e-01 6.100526260774341569e-02 9.421466308568057779e-02 -4.022089162986870053e-03 2.756543985174573219e-01 8.116608112159022503e-02 -7.052012926405652748e-02 2.758780319087868887e-02 2.584440087596335811e-01 8.905590683430232579e-02 6.594135717024177112e-02 1.782130497538111924e-01 -1.109324057463355329e-02 2.884997872535237373e-02 3.775333827512279694e-02 1.489708121113137995e-01 1.349521872157249114e-01 3.214584872513817637e-01 2.311871659148877489e-01 2.294984334987232311e-01 8.890346800391354942e-02 1.132114084244378593e-01 2.896597567313186627e-01 2.710461852834042951e-01 9.353165244771714792e-02 2.027411479179879600e-03 2.690968682301254078e-01
6.254231615070451888e-03 2.032104735514115024e-01 2.323487626927153160e-01 7.936688869120009371e-02 1.686749689400018348e-01 2.284978540245367062e-01 9.723444518042037576e-02 8.098097592101982656e-02 2.508521473577413063e-01 1.822672659190140848e-02 2.524318630629529547e-01 -1.086673976050528401e-01 1.782289504559539384e-01 9.976971338564366576e-02 8.323542084728909052e-02 3.580598444222789500e-01 1.334732932027498098e-01 1.575201351170141262e-01 1.451639444152886815e-01 1.666203473133036628e-01 2.055829011373295767e-01 9.974940410553037040e-01 2.353830713998169011e-01 2.610873518682531036e-01 1.815160962852940540e-01 3.254333187264606408e-01 1.637123461345570408e-01 -5.873352757510007238e-02 4.293243487440301376e-01 1.254973624577808977e-01 2.059960047147946227e-01 -5.815913342001477297e-03 5.702381627091375471e-02 3.569994797795880692e-02 1.717488408236243214e-01 5.954355534142188530e-03 2.792483337271712274e-01 1.217406957357378416e-01 5.720928620381313112e-02 9.174530211640782862e-02 -9.690069446137646730e-03 3.144487150070638393e-01 7.262682870764662624e-02 -7.829915233891307502e-02 2.071124855339064388e-02 2.274533382684169880e-01 6.779192895861162194e-02 8.823562675578749959e-02 1.787547937653977126e-01 -1.990048287060688578e-02 1.032462506391907259e-01 7.507359969686037970e-02 1.119074320968434511e-01 1.451514032109584018e-01 2.417221541852931921e-01 2.278779739860261055e-01 2.783406801532201658e-01 1.451679461134434135e-01 6.062181187450903924e-02 2.257141613904175559e-01 1.413548325702506381e-01 5.485050739047400703e-02 -1.170945202821852341e-02 1.962884477262496208e-01
1.416145667746487868e-01 1.726616452328580131e-01 2.887527154356530623e-01 2.403497078666802511e-01 4.664802274712282482e-01 2.705589431401618228e-01 1.232474133076351813e-01 1.492879147617400537e-01 2.117709860036760539e-01 -2.308478498436235954e-02 1.967261917623354950e-01 -2.302384454568342786e-01 2.284761086090202897e-01 3.151807291001732514e-01 8.116944025430837539e-02 2.731126943672949059e-01 1.604358799885749198e-01 2.820925216605752461e-01 1.983663084145992350e-01 2.541819054310551218e-01 2.118904662786893212e-01 2.353830713998169011e-01 9.974936610074516263e-01 2.234074624614932059e-01 2.425949838976828865e-01 6.191489484236953889e-01 1.310986941339693512e-01 -9.083281942505215534e-02 3.282682640629033255e-01 4.451239223485466412e-01 2.981949631599230544e-01 5.439378258066156907e-02 8.524902746167465489e-03 4.854831702639679503e-02 3.079590523261421242e-01 6.857091457704295179e-02 2.534087537814520008e-01 8.654581978494028938e-02 1.671637840950256082e-01 4.479279820727719019e-02 -1.575279339673385862e-02 2.041641223140962524e-01 1.392636988675960419e-01 -1.151602878819030368e-01 2.344663552800667003e-02 1.960909892692269119e-01 1.089578937060749486e-01 4.251049718881919071e-02 1.739945626110863675e-01 -9.783563636392604568e-02 1.248547022624437453e-01 1.277508015268684349e-01 2.866758913333688485e-01 3.612482547697297708e-01 2.865567693183074249e-01 1.854011893360009988e-01 1.788415931185142471e-01 2.767616321686441894e-01 2.294971811427574671e-01 3.070017507061100770e-01 1.610831801317817169e-01 1.055774691961632317e-01 -2.137460800838303712e-02 3.515644115723310370e-01
-3.915486362061583459e-02 3.346798336521881190e-01 2.986280310145988937e-01 7.469132851147067265e-02 1.791823749705912794e-01 2.581142266633648097e-01 1.689690745120951409e-01 1.244447115670029164e-01 3.053574762279842036e-01 5.481487218005857975e-02 3.027260932366783730e-01 -6.482047307659921653e-02 3.526440112197021803e-01 9.431472963411435817e-02 9.548147650022792421e-02 5.775223194515914926e-01 2.049657654779991622e-01 1.915693523659467989e-01 1.666405888224449239e-01 2.688634525450712687e-01 2.885674746558640202e-01 2.610873518682531036e-01 2.234074624614932059e-01 9.974940067665913901e-01 2.200530503309594543e-01 2.965184100807158329e-01 2.683276029487380865e-01 -3.529778538741044913e-02 4.485092343806802995e-01 1.290374163741933033e-01 2.845603563942159520e-01 -8.844146311148166906e-03 1.120161459137704041e-01 7.973533338656738079e-02 2.270849491804721176e-01 -1.998271711980008358e-02 2.839642057259715857e-01 1.783846117765529593e-01 9.852822506527874127e-03 1.521259899397212068e-01 2.151173777944527174e-02 3.499369647889489787e-01 1.174089542853835322e-01 -3.904020296696503189e-02 6.372096113729794342e-02 4.723178845678873139e-01 1.154952172664005794e-01 1.268489203262503917e-01 2.493979038939905246e-01 2.611979837614887556e-02 1.767817374146235521e-02 2.537199653564249646e-02 1.212494781596493015e-01 1.627569845369753465e-01 3.864938554657946779e-01 4.130985329348357826e-01 3.230152040299911764e-01 8.447260012346163860e-02 4.809082721093106694e-02 3.059732647482532042e-01 2.700679424392131156e-01 6.916806683215459550e-02 4.833468923576794002e-02 2.509488827342614692e-01
