9.975004542632637250e-01 1.099179825137451411e-01 6.339356181854170769e-02 1.774172618723710571e-01 3.321814945099647864e-02 2.312157137133056817e-01 3.064651739457892043e-01 1.198421285558657207e-01 3.077136194260337021e-01 2.690948257767425411e-02 6.795321625482048100e-02 5.539526006051050111e-02 -8.009650669242948662e-02 2.306266601644154923e-01 1.722949938352804078e-01 -5.480111035989712262e-03 2.182809167778725357e-01 3.777600522128905791e-02 1.013395289784498332e-01 8.345814994874193454e-04 2.313994282350678722e-01 1.095741691327579426e-01 3.019924844606154957e-01 -6.418623520646626890e-02 1.512546624165231612e-01 7.147889601080176236e-02 -8.988289400413176922e-02 1.297986859723746500e-01 1.373493364595717789e-02 3.813727401488095636e-01 1.571940734968706524e-02 2.759077721469595929e-02 3.756281652244199132e-02 1.491808059790287744e-01 1.891459557184292997e-02 9.915388881917662489e-02 -9.361829357570959631e-02 -6.139560191198602940e-02 4.331417269707866224e-01 1.658068775015414942e-01 6.682121857330654280e-02 5.118651189649810196e-02 1.283418565005245982e-01 9.669922804732779265e-02 5.426655387057664759e-02 -8.757655928958707481e-02 3.324282919717820861e-01 -3.598564482855551305e-02 1.156154249270172768e-01 -4.575303843697514639e-02 3.826998779215790014e-01 1.346607344427635244e-01 2.394686719782602446e-01 2.928717998440470982e-01 1.123880383049482776e-02 -5.382548570601296961e-02 -4.996986272752530767e-02 2.104630712705540807e-01 1.895069949026130240e-01 2.417716096290808536e-03 2.250851804453802285e-01 3.906305314345309698e-01 7.242170525095366351e-02 2.358221324018720533e-01
1.099179825137451411e-01 9.974999367253670757e-01 5.782521703630831567e-02 2.235908816206393923e-01 1.838804132096732991e-01 1.302064059498991289e-01 1.627789953432131620e-01 9.990128295807419734e-02 1.316219948031624454e-01 1.005061051305597836e-01 6.199854284610786803e-02 1.161333816352243115e-01 -5.188240404178763587e-02 2.890056672858454245e-01 6.025328160334647576e-02 6.657723419559227751e-02 1.153418595563398680e-01 6.831344438761940974e-02 7.163687808611075847e-02 4.397523219758783797e-02 2.185563835691201884e-01 8.888300502839584227e-02 1.110587484777197514e-01 1.934812649326617812e-02 8.486978849914803003e-02 6.344110596486488007e-02 2.595360433693634505e-02 1.185271683553561772e-01 3.774938665014667544e-02 1.106199145625732932e-01 3.881223099120043041e-02 3.463346209735794490e-02 9.131488895579242815e-02 1.218698763631887449e-01 2.079224906379315702e-02 7.655204667663527418e-02 1.921392473691194980e-01 2.005870448765074282e-02 1.360251792048670916e-01 1.089793609264733537e-01 3.506609339280009063e-01 8.730967265053483917e-02 8.343804082348302287e-02 2.020901439316457049e-01 1.427110426409927690e-01 1.439655990576800028e-02 1.572635279693161414e-01 6.136818909295778390e-02 1.759394383965657838e-01 3.751689459017609751e-02 1.085726265877177132e-01 5.139453783511496038e-02 5.301087205975373029e-02 1.049600864082159968e-01 8.570364507544225852e-02 4.637951084304724886e-02 2.891359260849566543e-02 8.314868158748142668e-02 9.998585459010557452e-02 2.515158665826033521e-02 8.699508789724054447e-02 1.379441889377475416e-01 1.437066030276399342e-01 9.912877235281411514e-02
6.339356181854170769e-02 5.782521703630831567e-02 9.975001257873742366e-01 -9.375552106710205447e-03 1.329111554106479354e-01 4.365002946030065861e-02 9.501604438715112455e-02 3.162974746046375712e-02 2.919071822217681467e-01 4.698239528246040547e-02 1.295525691613520491e-01 7.853100414214052305e-02 3.054148722881084854e-01 1.092105130990974754e-01 5.577229633136784187e-02 1.846682287851992843e-01 5.633265323234280808e-02 2.531016019244073378e-01 2.175396917419661694e-02 3.132549445037645652e-01 8.463752993448711570e-02 1.421798452978964393e-02 2.329547220344638930e-02 3.031681712851230781e-01 1.533793885464189953e-02 -1.568847306386258328e-02 1.843957909139952445e-01 4.356567701884128674e-02 3.178872413162945887e-01 1.289718257556936483e-02 4.186206992451331765e-01 1.718040480910744683e-01 9.513892274413560113e-02 2.861554665174091336e-02 2.033179944052605770e-01 7.287250723265073504e-02 3.407077258879352699e-02 9.268202923134660765e-02 4.342026068678122436e-02 2.663155913263706362e-03 -5.009384893013602708e-03 1.107793375262158819e-01 5.298546089999497770e-03 6.440123856018208082e-02 8.181119639071521982e-03 3.639119344551269286e-01 5.512239978678436236e-02 1.233267545525504050e-01 1.104929845737142279e-02 8.336307053352799701e-02 6.572141953026963690e-02 1.164166734171879353e-01 1.560624275549096496e-01 1.120215958001820750e-01 2.019704806484635407e-01 2.086697756686246297e-01 2.893352030949450371e-01 5.564613847340131592e-02 1.640218820912947850e-01 5.172752418812418540e-01 8.730147341656008253e-02 1.062653998022793644e-01 8.597723913251836825e-03 2.396110109642447458e-02
1.774172618723710571e-01 2.235908816206393923e-01 -9.375552106710205447e-03 9.975005384696219446e-01 1.144500094686820013e-01 -3.973797593724733013e-02 9.166998172107856946e-02 -1.364980884910587111e-01 1.454754167760461125e-01 -2.154292002574680412e-02 5.155791153169909935e-02 -9.697011214483365615e-02 -3.182673292369219142e-01 5.532161594601777699e-01 2.803804293333377745e-02 -1.063019831311505792e-01 1.079482507455611223e-02 -3.293448188868977611e-02 -2.363020516368284918e-01 -1.507865142718691764e-01 3.611734806738423759e-02 3.038786922106838095e-01 5.184951526261354082e-02 -1.789589270707442892e-01 -4.443513743037694891e-02 -1.072962558407481309e-01 -1.539401166258610731e-01 -1.057613553409927076e-01 -3.591657747203966244e-02 1.043432085713162927e-01 -1.156556961651996340e-01 1.358113553789932482e-01 -1.432432887274140976e-01 -1.205327677475424020e-01 -9.649915350585969165e-02 2.515286241486935359e-01 -3.061162537316164042e-02 -4.628230262666131051e-02 3.360547028722177254e-01 -4.379148071055214558e-02 1.744196277411798890e-01 -9.606448857162892818e-02 -9.665291650613923313e-02 -3.154700370723336617e-02 -6.022173033285026927e-02 -9.288383984197892684e-02 4.513385602299706256e-02 2.490278790373633144e-03 -2.985542670665231567e-03 -1.424411849227850968e-01 8.382147185595047179e-02 7.870516974535939070e-02 1.388375153542581175e-01 4.880782981913924651e-02 -8.855476348100349560e-02 -7.303530711492928207e-02 -9.379752871786296853e-02 2.771119627963537085e-02 3.012248069539771311e-01 -1.228469749120310039e-01 1.189288625778447683e-01 2.185957234650575121e-01 -1.791462312110533861e-02 1.011365413499283779e-02
3.321814945099647864e-02 1.838804132096732991e-01 1.329111554106479354e-01 1.144500094686820013e-01 9.974994974848334639e-01 -7.427413601060528503e-02 7.626677742738532245e-03 -1.149010381613365384e-01 1.278991568771841447e-01 -2.655750472139173368e-03 1.644936668916254785e-01 -6.100831654685692773e-02 7.664079366466100551e-02 2.058130583297640703e-01 2.403686049157501350e-02 7.335234022269980503e-02 -3.341162514993276100e-02 2.691217714060705202e-01 -1.571948947366608729e-01 4.848533831479184819e-02 -5.768104467398988029e-03 3.650254687495427947e-02 -4.394391061031694551e-02 1.009670303945885694e-01 -7.505970738943341936e-02 -1.220120892592942152e-01 7.600102918794626738e-02 -1.067332105414826871e-01 2.126769669723705680e-01 -4.230010231885113908e-02 5.656527050045122296e-02 2.502647796612424425e-01 -7.844874277576041610e-02 -1.516758281599727698e-01 1.670205748919956906e-02 3.354632508544097558e-01 1.071182176352014973e-02 2.074734136972780085e-01 6.377542869640862033e-02 -1.181094194063013747e-01 4.039102910037020711e-03 -1.179502146418750022e-02 -1.273534559638874741e-01 -3.836758792711573302e-02 -6.661786930844147692e-02 1.196336561582770353e-01 -3.286780522795055420e-02 4.283181127335701222e-01 -5.772414896503446496e-02 -4.455118771245378251e-02 1.898640446446351465e-02 1.286382737745299376e-01 1.384677477459226314e-01 4.558293325499706422e-02 3.066397316645858365e-02 1.925895648761944134e-01 2.090483880159369479e-01 4.050036155511792593e-03 1.697316536251292363e-01 1.205677296349566274e-01 4.955125836847844301e-02 8.174620586911031384e-02 -7.787656017408269016e-02 -4.953114929575892084e-02
2.312157137133056817e-01 1.302064059498991289e-01 4.365002946030065861e-02 -3.973797593724733013e-02 -7.427413601060528503e-02 9.974995873292930026e-01 3.172165342472878513e-01 5.236476320895568914e-01 1.646189089957058316e-01 1.266674629369380078e-01 6.028510584436387251e-03 2.715272657770701481e-01 2.633291115401495408e-02 -2.204846099360523171e-03 2.376829646938301288e-01 1.193004087045190093e-01 5.509471136179576733e-01 3.483303655653412212e-02 5.105339768042442827e-01 1.338272039791500445e-01 3.755927489251281726e-01 3.373348239409005439e-02 4.138601564984580317e-01 4.924419068059460863e-02 3.363047777175112718e-01 2.781330661650523450e-01 4.603531645131417327e-02 4.756387286439486273e-01 2.886541461248379181e-03 3.590596630474006679e-01 9.843813052661190555e-02 -1.624852295148589421e-01 3.056304742310298472e-01 4.574998525211869671e-01 8.201132713883740877e-02 -1.675531225569841520e-01 1.798531336086781340e-01 -5.767567000528930898e-02 1.343669381345670155e-01 3.574624984148070950e-01 1.827822343605587374e-01 2.146982695974924971e-01 3.344840900294479558e-01 2.951637683489677921e-01 3.663820934616339731e-01 -2.598347796012931421e-02 4.143521143590126465e-01 -7.926045037762399770e-02 2.746636618070244507e-01 1.468875269911320003e-01 2.713354532697958010e-01 1.096240958190142570e-02 4.397759904739333842e-02 2.417661075965004680e-01 1.333149616691802763e-01 -5.448959964827497157e-03 -2.632097982612221707e-02 2.169085205360244406e-01 -6.500035977195753323e-02 4.865003210044336474e-02 1.351594474496946030e-01 2.074446095172634286e-01 2.405917693024935966e-01 4.053216655270018842e-01
3.064651739457892043e-01 1.627789953432131620e-01 9.501604438715112455e-02 9.166998172107856946e-02 7.626677742738532245e-03 3.172165342472878513e-01 9.975000347433820025e-01 2.484339426156451924e-01 2.463718956077167455e-01 1.408852790604518401e-01 7.341606709972786637e-02 2.493724012828107128e-01 1.623949216391906009e-02 1.349862900078357408e-01 1.571617668193061035e-01 1.211812334102669447e-01 2.733136107641926937e-01 8.382504515045235971e-02 2.513151517454623729e-01 1.144927915061923485e-01 3.814640045867372375e-01 1.567965771012678478e-01 2.931101055938416522e-01 5.310519129052053422e-02 2.242052759109611215e-01 2.083473341642243237e-01 4.193868921873451783e-02 2.669103263902322665e-01 4.233926186948452908e-02 2.880843967752232393e-01 1.217831567752444694e-01 -5.250472250475225755e-02 2.071645858838686016e-01 3.258390199193043624e-01 1.025096504723712887e-01 -2.895414403307771181e-02 9.355037781493588667e-02 -2.134389303228093060e-02 2.291794758729729375e-01 2.385568469346406872e-01 1.648538363039316612e-01 2.134103550130712623e-01 3.006699222730759291e-01 3.228258960124555932e-01 1.781717643877453738e-01 5.770630486828447897e-03 4.152803278140341781e-01 -2.094750317490853136e-02 2.069953210490228235e-01 9.051798182995524078e-02 4.094842951601721515e-01 8.022784296735781251e-02 1.205570488178969585e-01 3.198799839125442412e-01 1.209371353402229066e-01 1.505819262600448932e-02 1.625318045208792167e-02 2.875540356622287574e-01 4.782912073929565522e-02 7.852176156202232693e-02 3.261472401839154989e-01 3.481281235065987190e-01 2.015986448945147891e-01 2.602629771912349232e-01
1.198421285558657207e-01 9.990128295807419734e-02 3.162974746046375712e-02 -1.364980884910587111e-01 -1.149010381613365384e-01 5.236476320895568914e-01 2.484339426156451924e-01 9.975005574061964753e-01 8.931756867422717405e-02 1.436070249429737267e-01 -3.080898288049983141e-02 3.275939103817304132e-01 6.909843282799514597e-02 -1.002984232166921341e-01 2.281296513684958061e-01 1.549181062621226290e-01 3.479859600730491054e-01 2.829343552950926502e-02 6.684915756786945495e-01 1.743514571664550594e-01 3.322768489423086891e-01 -1.636852594767405217e-02 2.793314957945629007e-01 8.982566733692075311e-02 3.074646215109506642e-01 2.919181535542583195e-01 1.079047012528179667e-01 5.413118668063655603e-01 1.142692209887997013e-03 2.374017819629960502e-01 1.186179049769383875e-01 -2.203764779949464458e-01 4.100422927158093866e-01 5.047887418298683260e-01 8.759022726621373822e-02 -2.837502294723788232e-01 2.405820871387672755e-01 -4.436486968105322892e-02 2.719348884176178011e-02 3.290777463301899353e-01 1.824137279103914822e-01 2.488751627037583958e-01 3.444829757871756826e-01 3.235196755043163730e-01 4.608299942656747250e-01 -4.722056856269460368e-03 3.115854587388974251e-01 -8.865696581922490049e-02 2.450856111676580629e-01 2.241129786670279511e-01 1.681086891129867644e-01 -3.187519774057680222e-02 -1.718742583899354401e-02 1.815821870596632248e-01 1.565034898998284019e-01 1.808550391565318799e-02 -1.137847441165153878e-02 1.637614652035993545e-01 -1.477893518750700019e-01 6.423771619441311087e-02 6.981219092776906610e-02 8.266077523956845419e-02 2.551933091985056357e-01 3.065593315278460906e-01
3.077136194260337021e-01 1.316219948031624454e-01 2.919071822217681467e-01 1.454754167760461125e-01 1.278991568771841447e-01 1.646189089957058316e-01 2.463718956077167455e-01 8.931756867422717405e-02 9.974999803941813070e-01 2.216395631411886835e-02 1.083062416493264235e-01 4.747285360726446329e-02 4.703724531319971452e-02 2.697903169929417588e-01 2.142872245928071906e-01 5.977314298341165205e-02 1.989357832529640158e-01 1.443317776851258949e-01 5.516891506985673044e-02 9.128495987599059835e-02 2.675329168865102081e-01 8.940385199703906882e-02 1.661244679538231850e-01 6.086359314756056849e-02 8.545868054960120697e-02 -1.565746689387664814e-03 9.564620078309148468e-03 9.629939407971782606e-02 1.538063878891539615e-01 1.795613099988445094e-01 1.219056867620541273e-01 1.576177358536783590e-01 4.086833476883380140e-02 8.819165362214222148e-02 5.853932720536254852e-02 1.420237580914347209e-01 4.873187872276592281e-03 3.956713559057308677e-02 2.381049249879939600e-01 7.138483517608795736e-02 4.218737039524740606e-02 5.636692569306692852e-02 4.837879858002103878e-02 7.900426573975045941e-02 4.732934927003758924e-02 6.961807544204864917e-02 2.007711594464338944e-01 6.171014885369394132e-02 5.081390100933160653e-02 -1.954288931046576500e-02 2.032065953377281131e-01 2.713379060444564006e-01 2.892160468962020614e-01 2.261871425704537475e-01 6.284936909515984049e-02 6.597238839638276675e-02 9.342496214823386991e-02 1.357153408771841763e-01 2.298173084457328652e-01 1.528989531865092011e-01 2.960067121550992719e-01 3.941971457959210223e-01 2.564346562946670169e-02 1.491028259108048148e-01
2.690948257767425411e-02 1.005061051305597836e-01 4.698239528246040547e-02 -2.154292002574680412e-02 -2.655750472139173368e-03 1.266674629369380078e-01 1.408852790604518401e-01 1.436070249429737267e-01 2.216395631411886835e-02 9.974997754774429515e-01 1.568836550974846145e-01 2.416443159829139986e-01 6.265068245251333157e-02 -1.109539174761432420e-02 -5.822727945906699953e-02 1.235594203134720848e-01 9.109106133055838717e-02 7.061629055252185982e-02 1.613224495619224319e-01 1.062074154107901514e-01 1.120253800265981203e-01 7.569021034895782873e-03 6.888953341808058684e-02 9.923083581941125053e-02 9.082871129690613110e-02 1.153390468971116911e-01 1.117037187849570790e-01 1.756536328256386725e-01 -2.581430669248992171e-03 5.375480813511558653e-02 7.840547110018550314e-02 -5.233420775957516730e-02 1.984559172479738731e-01 2.032376397262213863e-01 5.975164662384829101e-02 -5.692075051013729264e-02 1.592588192107495526e-01 2.258064063623422754e-02 3.093377487641660144e-03 1.391957707986079540e-01 1.424598000312551904e-01 1.684854070546824012e-01 1.373465613128807272e-01 4.813758960591038027e-01 1.679357762046433111e-01 9.802185161396947954e-02 1.155710346721397636e-01 1.397648962922325676e-02 1.147691250030045407e-01 1.352563551280759890e-01 7.567829746238599609e-02 -6.096889448627063751e-03 -2.095164432279163907e-02 7.719925965404476897e-02 1.052354692883760712e-01 7.372612391230580486e-02 8.910118977053348155e-02 6.860477035700945914e-02 -5.056496668553986384e-02 5.796793873424965771e-02 -6.522179938386238850e-03 2.021395128953333564e-02 1.453736750369314656e-01 6.452770036362685813e-02
6.795321625482048100e-02 6.199854284610786803e-02 1.295525691613520491e-01 5.155791153169909935e-02 1.644936668916254785e-01 6.028510584436387251e-03 7.341606709972786637e-02 -3.080898288049983141e-02 1.083062416493264235e-01 1.568836550974846145e-01 9.975002917667834534e-01 1.224135380739569887e-02 1.100588598203062485e-01 1.223119443650800553e-01 1.167201430644055141e-02 8.747338931426282271e-02 2.492598135018161964e-02 2.694572506352015395e-01 -4.815478626238003934e-02 8.259284413199932673e-02 3.528251110661512202e-02 3.031676172092745078e-02 9.214357522849343091e-03 1.261697765376621483e-01 -1.576635036891817568e-02 -5.583067571983905270e-02 8.888216697910061859e-02 -1.036860010501804152e-02 1.422244176118268588e-01 1.126096943970165271e-02 7.692422610956600737e-02 1.478605502262789750e-01 -5.273442870173361899e-03 -2.419090033459916217e-02 4.100329250098513206e-02 2.734398855367784487e-01 2.418476573344391714e-02 7.416256217521043081e-02 6.571644053820840936e-02 -1.415331354639551981e-02 2.258876900704703469e-03 4.161108447456118853e-02 -4.080609868416972680e-02 6.364559178403833561e-02 -6.882605565883099033e-03 1.619051689158077234e-01 2.940729288205386552e-02 1.258568771749074000e-01 -8.720768317839952544e-03 -5.650691150617510872e-03 1.153868525617305074e-01 7.745379162642475335e-02 1.273010065454232842e-01 8.463206794499754382e-02 5.603017390900000283e-02 1.727187013295475582e-01 2.665378926080326782e-01 5.075148056193761609e-02 1.373964709491510561e-01 1.233942618300286759e-01 5.788643876140230071e-02 1.150294176649893363e-01 -2.611562992546147613e-02 -2.246945991691612268e-04
5.539526006051050111e-02 1.161333816352243115e-01 7.853100414214052305e-02 -9.697011214483365615e-02 -6.100831654685692773e-02 2.715272657770701481e-01 2.493724012828107128e-01 3.275939103817304132e-01 4.747285360726446329e-02 2.416443159829139986e-01 1.224135380739569887e-02 9.975000525122768025e-01 1.371264426711133744e-01 -9.236836895028943673e-02 7.518297233896037435e-02 3.180724034611566720e-01 1.934051541183775813e-01 9.606775685071668180e-02 3.686588621072686145e-01 2.484535013561119665e-01 2.183068079554669472e-01 4.253682844548634968e-03 1.582906022550998049e-01 2.063029136436317912e-01 2.184689931227832838e-01 2.814717813816342007e-01 2.894047556213189543e-01 3.480272013096556982e-01 5.618049650752923035e-02 1.129960736587622416e-01 1.855698031849869201e-01 -1.600443306403214194e-01 5.603357911813141579e-01 4.123938386944560053e-01 1.555712034028485513e-01 -2.575247051971187306e-01 2.140169682306889420e-01 4.439860284418638281e-02 -2.452639964138824541e-02 2.999244969999894650e-01 2.176168573982893428e-01 4.495579955903919456e-01 3.162707408216932636e-01 4.998382869881456414e-01 2.645817814915714661e-01 8.941345158472067955e-02 2.312206310590080582e-01 -5.062058457976567616e-04 2.351022511760649525e-01 4.404515027149911166e-01 1.212894840245963279e-01 -2.058597860279441291e-02 -4.820983911697794555e-02 1.638641855341922415e-01 2.387447384739337375e-01 1.154829729577384612e-01 9.312136432487047588e-02 1.353001220149998018e-01 -1.632560721729508502e-01 1.308161358603328606e-01 3.988743141286511112e-02 3.481296281399610254e-03 3.570243092613090696e-01 1.815219604816534771e-01
-8.009650669242948662e-02 -5.188240404178763587e-02 3.054148722881084854e-01 -3.182673292369219142e-01 7.664079366466100551e-02 2.633291115401495408e-02 1.623949216391906009e-02 6.909843282799514597e-02 4.703724531319971452e-02 6.265068245251333157e-02 1.100588598203062485e-01 1.371264426711133744e-01 9.975000255219749201e-01 -1.495193969334685513e-01 1.856617327223388219e-03 2.786950299593764502e-01 1.355425505584540585e-02 2.764665685474672063e-01 9.831170365799278554e-02 4.432069698467242524e-01 2.133497431662961796e-02 -9.022042085709483517e-02 -3.912985683499679845e-02 5.397002249445332911e-01 1.840178663251607408e-02 3.940717806650820276e-02 3.407846864447052759e-01 7.355650391554892364e-02 2.900224582570385401e-01 -7.931797973870564900e-02 3.867626153114651633e-01 6.399165583919907974e-02 1.788985193427763964e-01 6.441161688996649426e-02 2.663622766561831168e-01 -7.046683716339038894e-02 5.649807845201129664e-02 1.445786475309753794e-01 -1.406908715543505883e-01 2.017945802278413997e-02 -1.228156611363767914e-01 1.834195483790329873e-01 4.319157789950320292e-02 7.560629791798155475e-02 2.261342133070654362e-02 3.608232100192108605e-01 -1.798760831873280706e-03 1.517184277125283587e-01 1.635410613484773734e-02 1.890336942148107824e-01 -7.528500315700429810e-03 3.175538560270572269e-02 2.766768809630159101e-02 5.454602908432764491e-02 2.766722990291693440e-01 3.010989258440826544e-01 4.312245260804266067e-01 2.119876854201856523e-02 -6.916916981838054646e-02 4.943931772871532626e-01 -1.794599746260334625e-02 -6.576774760368148121e-02 5.707137932393316349e-03 -1.169890142046239000e-02
2.306266601644154923e-01 2.890056672858454245e-01 1.092105130990974754e-01 5.532161594601777699e-01 2.058130583297640703e-01 -2.204846099360523171e-03 1.349862900078357408e-01 -1.002984232166921341e-01 2.697903169929417588e-01 -1.109539174761432420e-02 1.223119443650800553e-01 -9.236836895028943673e-02 -1.495193969334685513e-01 9.975000016230877176e-01 7.351168711092261054e-02 -6.478705767397160975e-02 5.402034755968578017e-02 6.394538862729112760e-02 -1.753818835935307408e-01 -7.069600812864819395e-02 8.016746203442634555e-02 1.835607395701226163e-01 6.985014779876369539e-02 -8.659012771861138158e-02 -4.172417588933199917e-02 -1.622509172350855289e-01 -1.149331301703780117e-01 -7.524394417551250047e-02 5.513015999358744645e-02 1.235739698837513140e-01 -4.300969610459929454e-02 2.345180833162209266e-01 -1.266116801762738886e-01 -1.082719924333424150e-01 -6.326168615465356526e-02 3.702836037845349537e-01 -2.390986055044003189e-02 -2.927986910531174547e-02 3.576585457331509232e-01 -4.826720274128933758e-02 9.387273895293957171e-02 -7.796179024927846202e-02 -1.333678274763516192e-01 -2.079326258013070722e-02 -4.763626264325907661e-02 -1.461946295353303872e-02 6.354389012229050282e-02 4.661413016535657927e-02 -3.411711073880461381e-02 -1.436107107931819948e-01 1.246365205724287301e-01 1.355511731841025358e-01 2.694502695677318815e-01 1.053305841845952606e-01 -5.613555577671904689e-02 -4.658905944711589850e-04 9.636965136428719825e-03 5.153647652382242761e-02 5.012832840822522007e-01 -1.183010395382633542e-02 1.676460575760768679e-01 3.214901100215870611e-01 -5.994843787143321751e-02 2.837634681970864839e-02
1.722949938352804078e-01 6.025328160334647576e-02 5.577229633136784187e-02 2.803804293333377745e-02 2.403686049157501350e-02 2.376829646938301288e-01 1.571617668193061035e-01 2.281296513684958061e-01 2.142872245928071906e-01 -5.822727945906699953e-02 1.167201430644055141e-02 7.518297233896037435e-02 1.856617327223388219e-03 7.351168711092261054e-02 9.975002166351453203e-01 3.766076501161712276e-02 2.153918993369214885e-01 6.215540194995908263e-02 1.769062234544041545e-01 4.692151666949571920e-02 1.697460165783179487e-01 3.383322052017039006e-02 2.497491075266023708e-01 -4.272357904543271079e-03 2.105251155419310960e-01 9.760905466930971941e-02 -1.402790457615238004e-02 1.655564076628053549e-01 1.046852305487415841e-01 2.215400488223103481e-01 4.776530254065271264e-02 -1.388460715439841786e-02 9.125796110512648940e-02 1.653739916956391831e-01 3.450903143556044439e-02 -3.372113291498458985e-03 3.811864800495720629e-02 -3.105457349456888436e-02 1.233355050431073630e-01 1.132849533915203377e-01 2.966548341757278828e-02 6.800678184054069486e-02 1.259844898887917952e-01 6.626609711550641990e-02 1.169868139565321263e-01 -9.434307964603694252e-02 1.916208850513503315e-01 -1.939681191471476912e-02 7.968889104812737489e-02 2.422829759586803827e-02 1.308043690220444533e-01 5.171507208573557224e-02 2.046210326835775084e-01 1.733609043941051753e-01 3.731377534333321644e-02 -1.365164415484813095e-03 -1.669038617503295491e-02 1.165282869581461683e-01 7.762162166662298080e-02 4.669247299871511631e-02 1.080846509118027904e-01 1.550820024216327808e-01 6.698500544804390777e-02 3.498954108355381565e-01
-5.480111035989712262e-03 6.657723419559227751e-02 1.846682287851992843e-01 -1.063019831311505792e-01 7.335234022269980503e-02 1.193004087045190093e-01 1.211812334102669447e-01 1.549181062621226290e-01 5.977314298341165205e-02 1.235594203134720848e-01 8.747338931426282271e-02 3.180724034611566720e-01 2.786950299593764502e-01 -6.478705767397160975e-02 3.766076501161712276e-02 9.975001393210181089e-01 8.525795889320703091e-02 2.793102459218538280e-01 1.735934986990507745e-01 3.130648872200139099e-01 1.075114061939234089e-01 -1.470102203514382470e-02 3.531546891076470240e-02 4.004094404635785698e-01 9.303019110886716347e-02 1.251220572665212583e-01 4.741187457139175443e-01 1.674600091217160192e-01 2.336035539180868204e-01 -1.289089635632503263e-02 2.740575057964892980e-01 -1.862662069963957542e-02 3.057914228384378541e-01 1.805343528602258996e-01 2.301511625647107151e-01 -1.196125554123307899e-01 1.477004917991626698e-01 1.907098964229262394e-01 -7.135771988687174272e-02 1.611692957561974282e-01 9.706987399668984273e-02 5.289464495487322671e-01 1.403240625943897313e-01 2.237515161844092770e-01 1.219632748748355477e-01 2.322683607508403691e-01 1.034426919495463892e-01 1.651350360232508585e-01 1.451589746461871000e-01 3.461796034279848722e-01 5.514550152870468375e-02 3.439269257134804081e-02 1.524912202876198969e-02 1.398943913923337279e-01 4.200671665825082002e-01 3.690494663883217563e-01 2.926807680428994973e-01 7.992615583043014005e-02 -9.493832900698520594e-02 2.618817252970687681e-01 1.261474218128628977e-02 -3.382722712859461550e-02 1.272167978888814055e-01 6.342284529638041179e-02
2.182809167778725357e-01 1.153418595563398680e-01 5.633265323234280808e-02 1.079482507455611223e-02 -3.341162514993276100e-02 5.509471136179576733e-01 2.733136107641926937e-01 3.479859600730491054e-01 1.989357832529640158e-01 9.109106133055838717e-02 2.492598135018161964e-02 1.934051541183775813e-01 1.355425505584540585e-02 5.402034755968578017e-02 2.153918993369214885e-01 8.525795889320703091e-02 9.975001128599809697e-01 3.896704728198742418e-02 3.411368156599434709e-01 1.009221282650094864e-01 3.040714866210711964e-01 4.539406390933831137e-02 2.869445663543193081e-01 3.289404843519585370e-02 2.338313348489066135e-01 1.836486683609551418e-01 2.338853833944925381e-02 3.999966486442949054e-01 1.724572924321223985e-02 2.609574148862099929e-01 7.632986975729275092e-02 -8.742799375798987471e-02 2.134269005842649447e-01 3.338963350702530697e-01 5.808755837689819068e-02 -8.197346016907834654e-02 1.201938893462781294e-01 -3.556096050208842896e-02 1.500496495094477689e-01 2.942847550276937452e-01 1.367537474017471166e-01 1.549812457293059387e-01 2.367853144438021029e-01 2.214225614273444831e-01 2.524748368862141379e-01 -1.770475486931460257e-02 3.271307288602701702e-01 -4.906142793195912566e-02 2.032791393019781900e-01 8.577227831807038294e-02 2.201781221027882818e-01 5.213251404749509599e-02 7.175892346133927457e-02 1.970723561825885040e-01 9.680689086977481428e-02 -8.117349344173782622e-04 -1.143132339660454799e-02 1.699802627433359692e-01 -1.069219835701909309e-03 4.350023120270776755e-02 1.595368931815252522e-01 2.962171526228865037e-01 1.700541606927084004e-01 2.817492737403136105e-01
3.777600522128905791e-02 6.831344438761940974e-02 2.531016019244073378e-01 -3.293448188868977611e-02 2.691217714060705202e-01 3.483303655653412212e-02 8.382504515045235971e-02 2.829343552950926502e-02 1.443317776851258949e-01 7.061629055252185982e-02 2.694572506352015395e-01 9.606775685071668180e-02 2.764665685474672063e-01 6.394538862729112760e-02 6.215540194995908263e-02 2.793102459218538280e-01 3.896704728198742418e-02 9.974999449152265329e-01 1.645419360514377427e-02 2.579630844689635438e-01 6.344924102003243749e-02 2.940807454713462773e-03 1.593773078924167266e-02 3.136351775851832224e-01 9.953798508068184558e-03 -2.365613068093374433e-02 2.668135318947137957e-01 3.757338067003994364e-02 3.358140077680533686e-01 -1.201347009892383792e-02 2.437431729248110135e-01 1.487368617446603591e-01 1.035663616206894400e-01 1.657500747565038290e-02 1.434984305208509836e-01 1.047411945688566381e-01 8.295058170934560549e-02 1.702597545446674909e-01 -3.414756201262510171e-02 6.946684119844683501e-03 -9.995608814323007907e-03 1.684894640709638236e-01 -1.281448628036815571e-02 7.886357417888062438e-02 2.633304848498198986e-02 2.572033244298284060e-01 4.960041332718233276e-02 2.405937441033834390e-01 7.866025178913535476e-03 1.178253767747887565e-01 6.808936206594964902e-02 9.462655766583659422e-02 2.371879213600324721e-01 2.202107194725236583e-01 1.900033269371524947e-01 4.495085070400481331e-01 4.018785651126484670e-01 1.004169983014317757e-01 9.960814027623039746e-02 3.331650347106757115e-01 4.582540920309434440e-02 5.031490620940831660e-02 -1.805987288818514461e-02 2.136303008482693874e-02
1.013395289784498332e-01 7.163687808611075847e-02 2.175396917419661694e-02 -2.363020516368284918e-01 -1.571948947366608729e-01 5.105339768042442827e-01 2.513151517454623729e-01 6.684915756786945495e-01 5.516891506985673044e-02 1.613224495619224319e-01 -4.815478626238003934e-02 3.686588621072686145e-01 9.831170365799278554e-02 -1.753818835935307408e-01 1.769062234544041545e-01 1.735934986990507745e-01 3.411368156599434709e-01 1.645419360514377427e-02 9.975001168528387918e-01 1.960143457128347422e-01 3.173838430219217410e-01 -3.939951577514347325e-02 2.776770015967939820e-01 1.090472066781600358e-01 3.621240666901074379e-01 3.537460213295060552e-01 1.289352046827150211e-01 5.784887748841245347e-01 -1.328835211340817501e-02 2.262321610416599960e-01 1.378292727195981060e-01 -2.864430539792803820e-01 4.461612739833434316e-01 6.344356126827541686e-01 1.216456166326303212e-01 -3.453646566589538280e-01 2.187665117527870517e-01 -4.796226560575572728e-02 -1.466646414295522810e-02 3.673256517241021424e-01 1.746039888266239237e-01 2.800487354860445310e-01 4.178730597212553244e-01 3.594198233109687224e-01 3.994920244740103321e-01 6.281371291276191537e-04 3.193627024186162511e-01 -1.143392258314667315e-01 2.678607070962886749e-01 2.559820118399548927e-01 1.611660598575597458e-01 -5.882169122462110183e-02 -5.574155763957994864e-02 1.799653353921540910e-01 1.763865882435965426e-01 7.275784163835598284e-03 -1.854326927849420797e-02 1.694708344286385282e-01 -2.098988874853217057e-01 7.222552934382012180e-02 5.321832577822068616e-02 4.787969121179862231e-02 2.941744846971653948e-01 3.187913425882010210e-01
8.345814994874193454e-04 4.397523219758783797e-02 3.132549445037645652e-01 -1.507865142718691764e-01 4.848533831479184819e-02 1.338272039791500445e-01 1.144927915061923485e-01 1.743514571664550594e-01 9.128495987599059835e-02 1.062074154107901514e-01 8.259284413199932673e-02 2.484535013561119665e-01 4.432069698467242524e-01 -7.069600812864819395e-02 4.692151666949571920e-02 3.130648872200139099e-01 1.009221282650094864e-01 2.579630844689635438e-01 1.960143457128347422e-01 9.975000815529444509e-01 1.133104129131746185e-01 -2.798653044696295528e-02 5.200604968806519374e-02 4.568843906908331975e-01 9.908667614954147496e-02 1.254465110950536144e-01 3.138432883552219055e-01 2.097484644558862132e-01 2.356134852420734005e-01 1.281561324721082126e-02 4.953941272905383331e-01 4.652927650381638580e-04 3.428521666032390280e-01 1.856192443797249070e-01 2.868771485614092231e-01 -1.214872362670399164e-01 1.216600937786718462e-01 1.076555944585572550e-01 -6.267208006373196916e-02 1.253315724979601198e-01 5.597353830167624972e-02 2.545536267759518356e-01 1.435774363344667071e-01 1.878854327766706356e-01 1.219695854187439754e-01 2.752270671016829318e-01 1.040189762618028702e-01 1.007818445877848162e-01 1.252555449715416769e-01 2.481551047563894941e-01 5.806738562274722792e-02 2.832849272386713663e-02 2.727835770749616195e-02 1.151914174878756331e-01 4.080715729730344243e-01 2.454427405769339376e-01 2.840760153905205199e-01 7.613584209911967993e-02 -6.719554503585169203e-02 4.345681593434620460e-01 2.397108125945415086e-02 -4.497084051606587210e-03 1.193878916546061292e-01 7.367601125316972088e-02
2.313994282350678722e-01 2.185563835691201884e-01 8.463752993448711570e-02 3.611734806738423759e-02 -5.768104467398988029e-03 3.755927489251281726e-01 3.814640045867372375e-01 3.322768489423086891e-01 2.675329168865102081e-01 1.120253800265981203e-01 3.528251110661512202e-02 2.183068079554669472e-01 2.133497431662961796e-02 8.016746203442634555e-02 1.697460165783179487e-01 1.075114061939234089e-01 3.040714866210711964e-01 6.344924102003243749e-02 3.173838430219217410e-01 1.133104129131746185e-01 9.975002269093946605e-01 7.385901085158859403e-02 2.811112960898169422e-01 5.237569419629227452e-02 2.368895713201789599e-01 2.159432981825608056e-01 4.581976932139111836e-02 3.291857533159285865e-01 3.324372477733351233e-02 2.502319669575129302e-01 1.005228144616406166e-01 -7.480602944136137411e-02 2.180239404622231481e-01 3.771748760220553498e-01 8.515086766723131695e-02 -7.374280156122124674e-02 1.247867065700474232e-01 -2.176782205375682455e-02 1.469038606778683975e-01 2.470468673615654476e-01 1.729615653922327578e-01 1.780902483041988393e-01 2.790474733517994688e-01 2.583088750680436751e-01 2.245054177100543336e-01 1.961118846037807062e-03 4.508076017637979716e-01 -2.983703901420504956e-02 2.180953209502031476e-01 1.037758565281949319e-01 2.362703899019115983e-01 5.843104435447397937e-02 8.455495883362243448e-02 2.506690254552700337e-01 1.170243291641152594e-01 1.301448547026579604e-02 6.684942672088204675e-03 2.066534579249160730e-01 2.697738710891550359e-03 6.654731408637565293e-02 1.862092464748451581e-01 2.189175501348973318e-01 1.995720956186714523e-01 2.656821808833044751e-01
1.095741691327579426e-01 8.888300502839584227e-02 1.421798452978964393e-02 3.038786922106838095e-01 3.650254687495427947e-02 3.373348239409005439e-02 1.567965771012678478e-01 -1.636852594767405217e-02 8.940385199703906882e-02 7.569021034895782873e-03 3.031676172092745078e-02 4.253682844548634968e-03 -9.022042085709483517e-02 1.835607395701226163e-01 3.383322052017039006e-02 -1.470102203514382470e-02 4.539406390933831137e-02 2.940807454713462773e-03 -3.939951577514347325e-02 -2.798653044696295528e-02 7.385901085158859403e-02 9.975000078251321511e-01 6.625796063510808187e-02 -4.493770424210473402e-02 2.454519750456401334e-02 6.011960605231605505e-03 -4.216779026765131444e-02 -3.902963046863040103e-03 -2.763108377569266014e-03 7.608048458354485510e-02 -1.312550203414675210e-02 3.788763278995550821e-02 -1.979535127817611331e-02 1.142923593054782569e-02 -4.220990968503331338e-03 7.433931997233791944e-02 -2.232874240900386761e-02 -1.541118116514676728e-02 1.375244373068052195e-01 2.620697933815980402e-02 7.346704996363241646e-02 4.833403953742989104e-04 2.160269215717877667e-02 3.107789490125261248e-02 -4.750771598006290480e-02 -2.711071977913530329e-02 1.125981817059739376e-01 -6.926127705921304722e-04 5.437355219691000080e-02 -3.364938411896826326e-02 8.760889116998001047e-02 4.326862842748393362e-02 6.022170786396079806e-02 6.558885689946609976e-02 -4.664762628288226382e-03 -2.437911338055506055e-02 -2.555323555612906347e-02 5.575823130438330860e-02 9.552080049072846080e-02 -2.247803636670065927e-02 1.245713024971202565e-01 1.267948166122944142e-01 3.784972384663862904e-02 4.699847397555572542e-02
3.019924844606154957e-01 1.110587484777197514e-01 2.329547220344638930e-02 5.184951526261354082e-02 -4.394391061031694551e-02 4.138601564984580317e-01 2.931101055938416522e-01 2.793314957945629007e-01 1.661244679538231850e-01 6.888953341808058684e-02 9.214357522849343091e-03 1.582906022550998049e-01 -3.912985683499679845e-02 6.985014779876369539e-02 2.497491075266023708e-01 3.531546891076470240e-02 2.869445663543193081e-01 1.593773078924167266e-02 2.776770015967939820e-01 5.200604968806519374e-02 2.811112960898169422e-01 6.625796063510808187e-02 9.975004418001597317e-01 -3.155849668412858550e-02 3.343057407028854344e-01 2.546503737273764223e-01 -7.445877142310783348e-02 2.688465707441532460e-01 -1.162715350654140202e-02 6.219085737851050011e-01 4.752177395410791400e-02 -1.080920089027657544e-01 1.590809544361859729e-01 3.070147435871748987e-01 5.845545142776767400e-02 -6.085746562565116230e-02 7.966739815052639728e-02 -1.112375739429306148e-01 2.352400624324417766e-01 2.267800310410786335e-01 1.357450551285973306e-01 1.232703082079159435e-01 2.786714374479571932e-01 1.917973849083031146e-01 2.115524041801356003e-01 -7.442847739021382636e-02 4.211851868864555093e-01 -8.858804401318234878e-02 2.124312698236354435e-01 4.201067774803391580e-02 2.399570199615674027e-01 1.456025077819860826e-02 1.017440425685777611e-01 3.082080544710991687e-01 6.485489067073868519e-02 -6.108832369339514679e-02 -7.854133665349882776e-02 2.575938425231599216e-01 1.696838848631383734e-02 8.921322663676085202e-03 1.382774687016158355e-01 2.096022985387704651e-01 1.851535532704707832e-01 4.954259649941512578e-01
-6.418623520646626890e-02 1.934812649326617812e-02 3.031681712851230781e-01 -1.789589270707442892e-01 1.009670303945885694e-01 4.924419068059460863e-02 5.310519129052053422e-02 8.982566733692075311e-02 6.086359314756056849e-02 9.923083581941125053e-02 1.261697765376621483e-01 2.063029136436317912e-01 5.397002249445332911e-01 -8.659012771861138158e-02 -4.272357904543271079e-03 4.004094404635785698e-01 3.289404843519585370e-02 3.136351775851832224e-01 1.090472066781600358e-01 4.568843906908331975e-01 5.237569419629227452e-02 -4.493770424210473402e-02 -3.155849668412858550e-02 9.974998497127555153e-01 3.514005434085333557e-02 6.477423462244452645e-02 5.155353177506326601e-01 1.026508589217960538e-01 3.153391510493812611e-01 -7.912938574049060980e-02 3.769989023285570950e-01 6.061398072346982357e-02 2.344011251710617083e-01 9.725949524964727644e-02 2.993618234482557372e-01 -7.665530458793330670e-02 1.071550177592372755e-01 1.852002588259157034e-01 -1.225133962784268893e-01 6.504918289482272686e-02 5.589356172870572209e-03 2.741720085794867035e-01 6.755158365045747793e-02 1.382780864972405210e-01 5.744579895978989270e-02 4.679468498371199825e-01 3.209812236336083424e-02 1.829684929028898566e-01 7.564499629942535164e-02 2.679086613748567491e-01 1.264943427333483847e-02 3.356418689874906408e-02 2.371344845835270457e-02 8.098673518383885106e-02 3.998086503519731605e-01 3.918531126575067747e-01 4.409399246806083861e-01 3.965617311943225864e-02 -7.023171922114471166e-02 4.090101807382134913e-01 -7.870134036214813250e-03 -5.734139675359468946e-02 5.615867750822377269e-02 -1.973236952618322507e-03
