9.974944442775636189e-01 -4.234444702710334768e-02 -9.264628418622618267e-02 1.978782344918032510e-01 1.743373290999501030e-02 3.057831722023310883e-01 2.482524502639693875e-01 2.725802162651581595e-01 1.766373675959694300e-01 1.782110891030861191e-02 5.171874953273215836e-02 3.512515921487516790e-01 2.535248854213854874e-02 1.300875989754804729e-01 1.298615989007500804e-01 5.880164430663309405e-02 2.222323081420349566e-01 1.121196266117542029e-01 2.801141248691885743e-01 2.442782091002910702e-02 3.421217583135400392e-02 5.914148572363760875e-02 1.918588931672758346e-01 1.371245305576672957e-01 2.370250258230623408e-01 2.540241439228879683e-01 1.380225012818036001e-01 2.624269673869765729e-01 1.231175400343956922e-03 5.272310309736503164e-01 -1.647405888550740327e-02 1.322088562974351178e-01 2.160842440243657125e-01 2.794196025239028547e-01 3.767583806300192628e-02 1.561986103700438999e-01 1.165407362266248775e-01 1.834552919186151487e-01 3.231377141155794552e-01 2.782301107556178765e-01 8.968362698937465405e-02 2.299239287190028291e-01 2.111389657266911357e-01 9.722328593898341142e-02 1.534587519395402277e-01 -4.582766020055964451e-02 2.279239022970501738e-01 2.246307116031857620e-01 2.105328132112949391e-01 2.983743120229851997e-01 2.865818505846703390e-01 1.581519810965736905e-01 -2.313257304771523977e-04 1.887505980144267292e-01 -1.206969986406698503e-01 2.069197977507217581e-02 1.205522343650103356e-01 2.355084068313822721e-01 1.763211778523943174e-01 -1.124503440656864361e-01 2.495865420088806130e-01 4.659201787283647755e-01 2.128492398526632412e-01 2.966709702767710288e-01
-4.234444702710334768e-02 9.974935420488698634e-01 2.987352714152869959e-01 6.943263302142876903e-02 2.164962378088847728e-01 -1.362634699700673163e-02 -5.247191611547851603e-02 1.419924354571607504e-02 9.443028965856670176e-02 6.384184423245956030e-02 1.725237443495732381e-01 4.525637827293762898e-03 9.972462294886372258e-02 9.401572442391752105e-02 2.088284824407065157e-02 1.924627184912194311e-01 9.404636903189579188e-04 1.103772743269056389e-01 -3.059163163189392715e-02 2.847328427182557187e-01 5.034702141276738985e-01 -2.127147636033297970e-02 -5.883605412151163977e-02 8.620137896265631094e-02 -2.833468715274838935e-03 2.641329750046132047e-02 1.092567993274197458e-01 4.864453926905375203e-02 1.691690738135460670e-01 -3.345022757662755031e-02 9.106239371291856288e-02 1.557949801688425784e-01 -1.412966335546987640e-03 2.387805513388926645e-03 -1.265416706277296133e-02 7.662589249700665905e-02 2.155957668275933770e-01 8.436952272259957974e-02 -1.289134930044931460e-01 2.440564822382129337e-02 1.564775912113042511e-01 5.817024566152217968e-02 -8.808367289461232000e-03 7.781681973344850567e-02 6.225847593594860396e-02 1.697067317222206995e-01 1.764717030129921843e-02 -7.275001783200195360e-02 1.755069077748360601e-02 -6.519339672692654047e-03 -9.492997562364488551e-02 -2.757933316678679112e-03 -4.438917479837559132e-02 2.725489879112893629e-02 3.449567596115644674e-01 2.648948032881415227e-01 9.065332736508127653e-02 -1.384070222326563154e-02 1.349673345569070704e-01 4.298205330436521976e-02 -2.631606210049559219e-02 -3.767094883741128886e-02 3.670204825853810859e-02 -1.170767934370270033e-03
-9.264628418622618267e-02 2.987352714152869959e-01 9.974941107070952606e-01 9.582281592488210709e-02 2.692829083750315489e-01 -8.031762643741653662e-02 -1.406292310531043546e-02 -1.861110216834449896e-02 1.581655557498280462e-01 8.631255322479235159e-02 1.964084505894944654e-01 -2.955013766583546465e-03 1.567326252055351032e-01 1.481847111809719009e-01 -1.638953117822554428e-02 2.205217109377790308e-01 -5.171753764231826894e-02 1.250038536414621038e-01 -5.857706469648515935e-02 2.815233848803256334e-01 3.340947708107855907e-01 3.767940891779992391e-02 -1.387964650626124785e-01 1.448666629089973568e-01 -2.411257420255619871e-02 -2.121009679009378326e-02 1.714035847991593475e-01 2.856222425387153728e-03 2.218060194447647460e-01 -8.790469831434839787e-02 2.722241190119921161e-01 2.881168376103558915e-01 -3.501046879730601580e-02 -3.276901936219209222e-02 5.272335224411510424e-02 1.123227438809395323e-01 4.404490307579082831e-02 2.229057788274167728e-02 -2.289597461088438701e-01 -3.846543203846247705e-02 4.322481771980402065e-02 1.195509802690254836e-01 2.338974692231524100e-02 8.573674166054764956e-02 5.563531616780427111e-03 3.117750469308452899e-01 4.385855743901305448e-02 1.651532645907428931e-03 -7.543752152888827389e-02 -3.133655413923062960e-02 -1.195985908303644207e-01 -5.027474587934210870e-02 6.517889386672980068e-02 7.966842773127498500e-02 5.322037587521684099e-01 3.462848188167547692e-01 1.218703576694338681e-01 -9.949843847172315514e-02 1.562618078274829458e-01 1.877483452025651978e-01 -2.135914372725119387e-02 -9.064706714390720343e-02 -1.952078579869101840e-03 -2.787310412601859411e-02
1.978782344918032510e-01 6.943263302142876903e-02 9.582281592488210709e-02 9.974934131750152755e-01 2.818431142483059926e-01 -2.592297597448641952e-02 6.013978996865798621e-02 -2.892798771126414703e-02 1.609877018939749604e-01 8.463126829715938992e-02 1.075337078410703029e-01 1.063218232937859775e-01 4.971416133325490261e-02 5.810047041577680593e-01 5.740703276526803317e-02 1.859819761196286059e-01 -1.883364359926910370e-02 1.575710853187723970e-01 -6.902433293151264901e-03 5.190561662036039664e-02 1.447179942797676144e-01 1.520407057879091528e-01 1.681808900972912024e-01 1.130483098675008069e-01 5.562257310167872948e-02 8.943379982002970519e-02 1.382712964346819451e-01 2.415409139413907808e-02 1.257695952593419486e-01 3.093845604551978545e-01 2.468081004706355192e-02 3.045727830968011918e-01 -1.427611400433750205e-02 1.687090789515362926e-02 6.498287631995661173e-02 3.263420548114184250e-01 6.988985374966531772e-02 1.181788291493462012e-01 1.429989712686125791e-01 3.245796258139972690e-02 6.446770773041579639e-02 1.360674367815987718e-01 7.462130547195537644e-02 1.304823831567906989e-01 -6.691225268915816649e-02 1.292859290645229642e-01 9.157281067165343180e-02 1.342755327261071219e-01 1.112419841101694312e-01 9.771710532041737174e-02 1.611120373433191089e-01 1.491587872396249459e-01 -5.114411161619293600e-03 2.059836194290398659e-01 9.264298991789329807e-02 1.728718036728955632e-01 1.636911508408840366e-01 7.780078247555086146e-02 4.371552760246924518e-01 -6.255374920375525449e-02 1.716669910355552164e-01 1.948717351788408214e-01 6.531869855301129790e-02 8.509055980713632616e-02
1.743373290999501030e-02 2.164962378088847728e-01 2.692829083750315489e-01 2.818431142483059926e-01 9.974936418936120042e-01 -1.248215408511401392e-01 -9.622314243904046827e-02 -1.239774720998603197e-01 1.778149230700419581e-01 1.822342506463361378e-01 1.960471096115976308e-01 5.547571874876154000e-04 1.625345321308722113e-01 4.191719880752408089e-01 1.032121541836103495e-02 3.556230799250327257e-01 -7.022498189109013800e-02 2.910096161125513836e-01 -2.060672956807155232e-01 2.103536395027772454e-01 2.608243457671645116e-01 6.305451968410560881e-02 8.174646143565290901e-02 1.539139337277497521e-01 -2.968042451696216097e-02 3.541060887539893010e-02 1.994632043593234094e-01 -2.126752610020368750e-02 2.761203121806647398e-01 8.767777514266485162e-02 6.015249317827679743e-02 4.388021670669211005e-01 -1.229621174282731211e-01 -9.522743659838962815e-02 -2.132015130628139507e-03 3.344641402875808134e-01 1.244982082201791657e-01 1.006939964751764199e-01 -1.986634499814426101e-03 -4.259272065767032850e-02 8.639993374241113078e-02 9.156261094782044974e-02 -1.116505849833139899e-02 2.176701002969420040e-01 -5.386940215431275381e-02 3.232147348434903922e-01 1.802859804286644635e-02 6.824448547851859337e-02 7.824196154482684906e-02 -1.635330519978554775e-02 8.546130153425950116e-02 1.700939712794286851e-01 -6.374302898280298502e-02 1.090697643609651740e-01 3.272755773903299192e-01 4.531485449233103591e-01 2.535919845694416530e-01 2.397627923617791368e-02 3.533759923205528342e-01 -3.242639624603924769e-02 2.621105617564577564e-02 5.806372334026248250e-02 -1.131536631765032823e-02 -7.310103623857555979e-03
3.057831722023310883e-01 -1.362634699700673163e-02 -8.031762643741653662e-02 -2.592297597448641952e-02 -1.248215408511401392e-01 9.974935424157533870e-01 4.118347201774257837e-01 5.894591937056380404e-01 2.236328608204576074e-01 -1.495936061083011012e-02 1.077395199044098029e-01 4.717877133346874974e-01 8.123082201959205828e-02 -1.424185836855531018e-01 1.743975195968087699e-01 8.330683699687221888e-02 5.573280905090683968e-01 1.123496204790938729e-01 6.127348396686826959e-01 1.332343417520110707e-01 3.551611547764538246e-02 -6.410894226345829547e-03 8.196221833700619019e-02 2.213546026637163711e-01 3.692800851057290723e-01 3.924141347279756498e-01 2.123800624003849002e-01 3.259426455980001247e-01 3.865209212185366505e-02 2.510785231552639107e-01 6.447902745226721799e-02 3.008061842526319613e-02 3.863240160789300770e-01 6.318955911318919760e-01 3.249979436586059728e-02 8.326711764030405444e-03 2.168551061096660737e-01 2.254592700464424504e-01 1.794090586767650708e-01 5.490884785828017423e-01 1.477538077956662144e-01 3.571827312722072323e-01 3.574027956523915805e-01 6.678053377386877765e-02 3.839250467643575693e-01 -3.903318027422163217e-02 3.518684450454885870e-01 2.687229121683555322e-01 2.586094626484541359e-01 3.603347218900657678e-01 2.905164001488497183e-01 6.407025313831180013e-02 -6.889347605281818943e-02 2.127585563013568160e-01 -6.074348978845231506e-02 4.478621841946438253e-02 1.209826744769749995e-01 3.269647358654370617e-01 -9.241973142239187644e-02 -6.595539642669159819e-02 2.285669970014851393e-01 4.278846443771562313e-01 3.607637285161231500e-01 4.316172113298536450e-01
2.482524502639693875e-01 -5.247191611547851603e-02 -1.406292310531043546e-02 6.013978996865798621e-02 -9.622314243904046827e-02 4.118347201774257837e-01 9.974940612684964902e-01 4.262351918428521902e-01 2.909841300182346990e-01 -2.905841088685508916e-02 1.258389028273378119e-01 4.386343245972343929e-01 8.532074844104722833e-02 1.728832189623298252e-02 1.520129408688644934e-01 8.164772200218119169e-02 2.627964158207130030e-01 1.003607937951283280e-01 5.635636144761240196e-01 9.757300816042700775e-02 2.313639361810368444e-02 1.564524096804385533e-01 4.120428720965522290e-02 2.819136853824353306e-01 3.301221835766489088e-01 3.424647303792546227e-01 2.724355906765003055e-01 2.015605031789451385e-01 4.848253569827861570e-02 1.916256213238593242e-01 1.810112001399109549e-01 8.333173836186230643e-02 3.191831220455293439e-01 4.440911274519421248e-01 1.823473386127306695e-01 4.176183090708839030e-02 6.861267767115349081e-02 1.761756124954416136e-01 1.110704197724454445e-01 3.128727877467821772e-01 5.425883831639937566e-02 4.754595590101242664e-01 4.653744803485974080e-01 3.323405950716691593e-02 1.629007317561010915e-01 -1.093198976107662840e-02 4.443769861186904757e-01 3.349388184300814419e-01 1.490621056699451552e-01 3.589553399646265852e-01 2.257646638909114323e-01 5.351827141003174387e-03 7.410666049368944130e-02 3.600568799955359278e-01 -2.572283804247293276e-02 6.531051229259150770e-02 1.116319664549355606e-01 2.022301481247532895e-01 -5.250928843228400839e-02 4.405666187639007553e-02 3.321188421286500048e-01 3.148363547929742823e-01 3.362072869098844952e-01 3.404341811351730418e-01
2.725802162651581595e-01 1.419924354571607504e-02 -1.861110216834449896e-02 -2.892798771126414703e-02 -1.239774720998603197e-01 5.894591937056380404e-01 4.262351918428521902e-01 9.974935212437616716e-01 2.026558579655400871e-01 -4.629461219750307527e-02 1.202935610217721052e-01 3.875447130969146836e-01 7.995170556520152239e-02 -1.240047389576508230e-01 1.301516874850541794e-01 6.132855592965102270e-02 4.037001871990679724e-01 6.135200994001641095e-02 6.033449638379162483e-01 2.334561479929282424e-01 6.498167505259257182e-02 -7.590745179581494251e-02 -1.009693759105658728e-01 1.920316580893968172e-01 2.874369966706856738e-01 2.639782433336044232e-01 1.850424037251449660e-01 3.247015953484123640e-01 3.542380124871680885e-02 1.672451676807504839e-01 1.070801791139177617e-01 1.445279909641392774e-02 4.118595644930884703e-01 5.082123502486830535e-01 6.961969666929284511e-03 -5.042329549782544051e-02 1.188330775202340733e-01 1.377972974809117124e-01 4.390794776155060308e-02 3.974094232979013541e-01 8.764462712003033562e-02 3.188982290607836889e-01 2.855466611991880344e-01 1.003437396636284659e-02 5.105077560979437434e-01 -4.752560834941205181e-02 3.110247330431041846e-01 1.926715893655966960e-01 1.082414625534610098e-01 3.030465817096829051e-01 1.655174382518643239e-01 -2.228870103073265010e-02 4.622414537310415988e-02 1.768231442187715163e-01 -1.720588757430924209e-02 6.213909638032567850e-02 6.403402037189113993e-02 1.581809488202014502e-01 -7.712403705929712916e-02 4.626365650184550982e-02 1.853199830198103137e-01 2.735451344466185986e-01 2.853244442761472266e-01 3.137999326304162784e-01
1.766373675959694300e-01 9.443028965856670176e-02 1.581655557498280462e-01 1.609877018939749604e-01 1.778149230700419581e-01 2.236328608204576074e-01 2.909841300182346990e-01 2.026558579655400871e-01 9.974941295196679825e-01 5.399574383998055616e-02 4.304905751462078656e-01 3.774358030443693002e-01 1.711458989962896526e-01 1.772856993283035698e-01 1.682547707586346253e-01 2.688480689268553658e-01 1.491860962387228651e-01 2.544270724596172650e-01 2.629870749385050388e-01 2.052653076321182268e-01 1.767665078274922308e-01 2.378269575363463895e-01 3.547717687366249567e-02 3.543337289418658220e-01 2.490332700308156844e-01 2.804526141653390647e-01 3.923371570185227308e-01 1.542383758688017081e-01 2.333127597803978104e-01 1.462364505292680361e-01 2.281714828383667737e-01 3.631509471841907200e-01 2.486731525096209094e-01 2.794019990116410890e-01 1.849089472937170686e-01 1.836172845104200035e-01 1.327036187503382036e-01 1.977302097424565308e-01 2.049758491255190829e-02 2.246543944263633130e-01 1.236811991593367299e-01 5.000961527347260738e-01 3.443620261818203243e-01 1.242543050022095197e-01 4.924415335268520627e-02 1.535411707234964895e-01 4.005448768770870638e-01 3.150790343697976725e-01 1.327263832456953563e-01 2.806400153364070338e-01 1.918856655386806664e-01 2.892167842672726391e-02 5.290107377421282564e-02 3.401204190554754647e-01 1.485362520746200121e-01 2.651201391143456210e-01 2.301053565047544991e-01 1.414505295819733499e-01 1.223673078553744603e-01 7.982505005433779277e-02 1.907467642881596759e-01 2.171165990483686081e-01 2.572590990917191789e-01 2.609460156110171014e-01
1.782110891030861191e-02 6.384184423245956030e-02 8.631255322479235159e-02 8.463126829715938992e-02 1.822342506463361378e-01 -1.495936061083011012e-02 -2.905841088685508916e-02 -4.629461219750307527e-02 5.399574383998055616e-02 9.974942165533071670e-01 6.062492178083193212e-02 -1.554529326357448685e-02 3.595092100915101008e-01 1.042401015955816551e-01 -1.784241716256018961e-01 1.842793682810895950e-01 1.447478208517015245e-02 3.568109815814992647e-01 -4.878304617810468036e-02 5.513149575837542060e-02 7.306939353759411837e-02 -5.288438304688641844e-02 7.953065561097408254e-02 1.522151096482202426e-01 -3.295619282570089875e-02 6.384249687799517514e-02 1.364133443332780082e-01 -6.262427763175344719e-02 1.887113119481003964e-01 9.081239794688727995e-02 -3.766378759138439003e-02 1.374518801365688936e-01 -2.864030795556125053e-01 -2.090856728653930213e-02 -1.892551329240386160e-01 2.179777260338885969e-01 1.148120688613482182e-01 2.339165639625521639e-02 5.354742995606728145e-02 -4.100503917342047250e-02 5.193908716908056389e-02 3.183981790433967896e-02 -2.215119110032953698e-02 5.786047840455292857e-01 3.221759079628722100e-02 2.926367412287900760e-01 6.638148050971839562e-03 2.662280560075270391e-02 9.777471605786197673e-02 -7.818783071525403638e-02 1.305283553823557152e-01 1.843163949407561064e-01 -9.780344669553778236e-02 -8.757784878805793122e-03 1.088570591187592584e-01 1.674848613239554584e-01 4.904357857770546558e-01 8.355477694331374383e-02 1.247182224439274123e-01 -8.208738197823998994e-02 -4.504267786489095371e-04 1.171080863017684714e-01 -2.228684953817458916e-03 -6.017388127362010078e-03
5.171874953273215836e-02 1.725237443495732381e-01 1.964084505894944654e-01 1.075337078410703029e-01 1.960471096115976308e-01 1.077395199044098029e-01 1.258389028273378119e-01 1.202935610217721052e-01 4.304905751462078656e-01 6.062492178083193212e-02 9.974939297973206553e-01 1.795582968961847992e-01 1.664012643118926160e-01 1.191684078917282646e-01 2.043613990838880345e-01 3.563117341066786015e-01 8.097786129705604463e-02 1.906151162164871349e-01 1.148322971364599959e-01 3.081356674687280583e-01 2.620163193317995853e-01 9.392705766067371842e-02 -5.084899971462460144e-02 2.226835560237313549e-01 1.101153762965161598e-01 1.362701453299253185e-01 2.557497004829786258e-01 1.162330151175994530e-01 3.967100245729484054e-01 3.579183724354620399e-02 1.450140845485365371e-01 2.303739922028518738e-01 1.185819762736419758e-01 1.363465556497749920e-01 7.257098598280146973e-02 1.221964494264272255e-01 1.200674108109094501e-01 1.297411655652857265e-01 -1.222926524031315576e-01 1.221954173835150259e-01 1.024716997282932029e-01 2.585882274055629759e-01 1.548149158739560716e-01 1.159217316271979881e-01 7.829159171386322613e-02 2.057479464795195501e-01 1.901628233176680671e-01 1.400386382734126745e-01 5.738797961229274991e-02 1.363346575261319971e-01 7.478357209630857871e-02 1.141703220130123320e-02 1.123491586744418055e-02 1.696580703252124067e-01 2.032716691834397793e-01 2.970788617929997488e-01 1.703874058562604710e-01 3.922899381354206377e-02 1.111148927989220603e-01 5.521014011026050688e-02 8.319563077570270304e-02 8.256629138573866322e-02 1.288607162888397439e-01 1.283421997178778862e-01
3.512515921487516790e-01 4.525637827293762898e-03 -2.955013766583546465e-03 1.063218232937859775e-01 5.547571874876154000e-04 4.717877133346874974e-01 4.386343245972343929e-01 3.875447130969146836e-01 3.774358030443693002e-01 -1.554529326357448685e-02 1.795582968961847992e-01 9.974931938889588512e-01 1.056556133445900325e-01 7.424357299910502861e-02 2.290266424259365108e-01 1.654008918161133934e-01 3.153621883336908960e-01 1.779745602074687683e-01 5.125528233084184482e-01 1.159515899322204335e-01 7.939824969877641581e-02 1.808367556002583587e-01 1.520975071279730417e-01 3.376315445914636615e-01 4.749259946466083959e-01 4.971873438975750736e-01 3.406566132468611396e-01 2.638581609758784419e-01 9.596336948996825322e-02 2.779778310336633584e-01 1.665593796089226974e-01 1.678916730415177527e-01 4.055302120993938275e-01 5.236308166793091079e-01 2.041116132281864393e-01 1.151012557153001381e-01 2.254368153097212613e-01 3.160567451256131033e-01 1.942079893198818963e-01 4.420500424908491710e-01 1.909931123659415753e-01 5.459487034328003308e-01 4.966697289923793224e-01 8.159235586724505884e-02 1.604282620583918073e-01 2.044314228837685460e-02 4.927108924757436781e-01 4.454011671413371509e-01 2.897018619645871929e-01 5.227169162523415125e-01 3.210345138006990839e-01 6.378570946670608643e-02 -5.728306755681244339e-02 3.925592830731752803e-01 -5.789475419034247061e-03 1.286418494949529978e-01 1.791550287062586566e-01 3.331589921495714535e-01 -6.578785949486649215e-03 -3.921706218040365427e-02 3.022170579328505857e-01 4.108274092438247704e-01 4.541964666069392420e-01 5.047114276987036963e-01
2.535248854213854874e-02 9.972462294886372258e-02 1.567326252055351032e-01 4.971416133325490261e-02 1.625345321308722113e-01 8.123082201959205828e-02 8.532074844104722833e-02 7.995170556520152239e-02 1.711458989962896526e-01 3.595092100915101008e-01 1.664012643118926160e-01 1.056556133445900325e-01 9.974939173707298989e-01 3.784230686990628506e-02 -2.367922610904696357e-02 2.356394485445782727e-01 7.038519638278045720e-02 2.728944877010685000e-01 7.237017948933835432e-02 1.920034459548012051e-01 1.268218998163183897e-01 1.097540642222741628e-02 -4.648461467244929118e-02 3.892407973573329127e-01 5.788296123330085446e-02 1.158404350341080136e-01 2.530626997625811114e-01 3.676698739908997038e-02 2.667507397216911658e-01 4.453981261287540128e-02 9.720880009270999045e-02 1.486469663978642330e-01 -5.212478326992000394e-02 9.402340788590744791e-02 -2.607097714706824512e-02 1.473901156437877891e-01 1.014558306920066710e-01 3.568895460238741268e-02 -4.436873400713883114e-02 5.774322093479601625e-02 5.888318826034749653e-02 2.025300420713667116e-01 1.092155409620676892e-01 2.887842486430760580e-01 9.535265024916964038e-02 3.747393798792225117e-01 1.342828294126846567e-01 9.784201604537567931e-02 5.464107127653595325e-02 3.969919237277913515e-02 1.013926702894475951e-01 6.591200468430358228e-02 -2.119138867259151571e-02 9.800123885787932754e-02 1.678778262887280215e-01 2.509946718307175528e-01 3.923216721366376003e-01 5.339892818814767628e-02 6.971825238132460523e-02 2.807890821358794212e-02 4.174251977359496463e-02 9.244134986491117645e-02 7.923325341513023923e-02 7.484531164326596597e-02
1.300875989754804729e-01 9.401572442391752105e-02 1.481847111809719009e-01 5.810047041577680593e-01 4.191719880752408089e-01 -1.424185836855531018e-01 1.728832189623298252e-02 -1.240047389576508230e-01 1.772856993283035698e-01 1.042401015955816551e-01 1.191684078917282646e-01 7.424357299910502861e-02 3.784230686990628506e-02 9.974936439174649783e-01 5.130741022019042613e-02 2.105304228868956073e-01 -1.051243450442415212e-01 1.928762706667446203e-01 -8.861688348269704252e-02 4.129257198581890581e-02 1.636779404088450074e-01 1.856006663328883532e-01 2.312817987076904169e-01 1.220638041630940501e-01 3.103890122026434217e-02 9.063523010521178092e-02 1.580935234817466006e-01 -2.880369495326069729e-02 1.512916435483124822e-01 2.177985448704949367e-01 4.034714372204338539e-02 3.967223650672864199e-01 -7.321014307801917975e-02 -5.555232904485846862e-02 9.961543038579842579e-02 4.432935600315515146e-01 8.549525824017728537e-02 1.366815631701592815e-01 1.299474307060952960e-01 -2.747085978419518473e-02 7.615777456928662925e-02 1.433327019962343796e-01 8.151001939322533030e-02 1.490700214554413483e-01 -1.540467519355697146e-01 1.786440263552974694e-01 7.366195437715294947e-02 1.457186926104340197e-01 1.309490621606687610e-01 7.657273919425752751e-02 1.590359395987323565e-01 1.693871945545840085e-01 -5.072920086968424336e-02 2.875887921843344741e-01 1.439076103594935652e-01 2.245919696734765547e-01 1.969187997057880446e-01 8.197474000470772459e-02 4.581165648952754688e-01 -7.892266061637970287e-02 1.457967729509816457e-01 1.454733153813933533e-01 5.347324449935414448e-02 4.824385030242486772e-02
1.298615989007500804e-01 2.088284824407065157e-02 -1.638953117822554428e-02 5.740703276526803317e-02 1.032121541836103495e-02 1.743975195968087699e-01 1.520129408688644934e-01 1.301516874850541794e-01 1.682547707586346253e-01 -1.784241716256018961e-01 2.043613990838880345e-01 2.290266424259365108e-01 -2.367922610904696357e-02 5.130741022019042613e-02 9.974938685852487996e-01 9.003042123506246885e-02 1.133306204775840070e-01 3.373292815308535225e-02 1.771123501964559366e-01 5.009609854045224409e-02 7.262991717909805800e-02 1.474134707813878897e-01 1.095169882997317212e-01 1.005228288811206155e-01 1.920848227846397860e-01 2.044964503431361824e-01 1.093828914235003835e-01 1.213035117805172092e-01 5.998541070377227252e-02 1.116342029117004808e-01 1.042901071000502597e-02 8.258296506667858750e-02 2.237609537356577971e-01 1.826524036145863450e-01 1.145729563125347100e-01 4.384764762419479656e-02 1.201601838626153579e-01 2.595758663302827340e-01 8.817290948239661641e-02 2.014456980465916258e-01 9.477037903392650231e-02 1.794424515135192855e-01 1.971389155080556232e-01 -4.889703580576846426e-02 2.827513738063996279e-02 -2.201476597072507535e-02 1.658883816543601508e-01 1.601863447840138621e-01 1.670134313837621509e-01 2.717699452050701403e-01 1.253254928391453193e-01 3.739007222979665035e-02 -8.231778477282747364e-02 1.611692240946044352e-01 -2.890062102650365478e-02 4.751905089703525181e-02 3.142651998835767346e-03 1.577379692917239840e-01 8.701335491381507678e-03 -1.317936610612792103e-01 1.429373121980909989e-01 1.596937392019990021e-01 1.810996053326179300e-01 2.337745225021874151e-01
5.880164430663309405e-02 1.924627184912194311e-01 2.205217109377790308e-01 1.859819761196286059e-01 3.556230799250327257e-01 8.330683699687221888e-02 8.164772200218119169e-02 6.132855592965102270e-02 2.688480689268553658e-01 1.842793682810895950e-01 3.563117341066786015e-01 1.654008918161133934e-01 2.356394485445782727e-01 2.105304228868956073e-01 9.003042123506246885e-02 9.974934439549321130e-01 6.639982410832354076e-02 3.258902028991038646e-01 6.828523587161755559e-02 2.441230791334395855e-01 2.328690592429975836e-01 8.423702570057085837e-02 7.486378268501904520e-02 2.720444692165589484e-01 1.003416089153647828e-01 2.166308755129006391e-01 3.523702378994337803e-01 6.577671497040585291e-02 5.479669529808923745e-01 1.034032419189341440e-01 1.126608830533958050e-01 2.834055113812439242e-01 8.746446230710129555e-03 1.130223871159823645e-01 4.449408920509236726e-02 2.257241771185052315e-01 2.606711827260524972e-01 1.712510096671987503e-01 1.256835025749523070e-02 1.081525596057150984e-01 2.217519150623166180e-01 2.493980754545116196e-01 1.629104740051137701e-01 2.554001273654250559e-01 4.547783800791888043e-02 3.475858557880517341e-01 1.560621835846417171e-01 1.555101742806568321e-01 1.638298369915862085e-01 1.087289864241237358e-01 1.402885692861525202e-01 1.092694101353603731e-01 -1.259753178031607912e-01 1.777363796870030377e-01 2.754801833014036694e-01 4.805702510988241749e-01 2.953165501579635421e-01 1.429900162582498913e-01 1.673636022594059691e-01 -3.358318189964595163e-02 8.084240720959565141e-02 1.420702593593407004e-01 1.662250872959854242e-01 1.224212888439403929e-01
2.222323081420349566e-01 9.404636903189579188e-04 -5.171753764231826894e-02 -1.883364359926910370e-02 -7.022498189109013800e-02 5.573280905090683968e-01 2.627964158207130030e-01 4.037001871990679724e-01 1.491860962387228651e-01 1.447478208517015245e-02 8.097786129705604463e-02 3.153621883336908960e-01 7.038519638278045720e-02 -1.051243450442415212e-01 1.133306204775840070e-01 6.639982410832354076e-02 9.974935845640221510e-01 9.119266749636828484e-02 3.952807575926051697e-01 1.240312096281420834e-01 3.971996628992309486e-02 -7.833213847154729681e-02 5.646831976887427273e-02 1.469814393581563849e-01 2.410317065090563926e-01 2.545773531144592261e-01 1.413557416825532431e-01 2.840046693247847420e-01 3.655799502723376670e-02 1.881176403847495404e-01 1.378050347769627093e-02 2.806725308209121264e-02 2.703897387121130813e-01 4.496913302852344474e-01 -8.621456627581727816e-02 1.922370094340922209e-02 1.662055395247480083e-01 1.554449358954358706e-01 1.257180272623128203e-01 4.297919726285099884e-01 1.004253145815589554e-01 2.277919609440468007e-01 2.047425575377988527e-01 7.051428487521313460e-02 3.808603859900833166e-01 -1.607452344399931329e-02 2.280865285214697391e-01 1.697302129131811055e-01 1.880397676732431800e-01 2.368449899137147763e-01 2.410539806722062917e-01 7.420608927152713696e-02 -5.685367969967224794e-02 1.105323603728838588e-01 -3.450572032723163429e-02 4.412964921528238910e-02 1.015864289277649823e-01 2.161104452290196487e-01 -4.561173419593799599e-02 -6.417371499927439216e-02 1.475017143558208788e-01 3.098024999289178960e-01 2.229056304194865223e-01 2.844624544752764050e-01
1.121196266117542029e-01 1.103772743269056389e-01 1.250038536414621038e-01 1.575710853187723970e-01 2.910096161125513836e-01 1.123496204790938729e-01 1.003607937951283280e-01 6.135200994001641095e-02 2.544270724596172650e-01 3.568109815814992647e-01 1.906151162164871349e-01 1.779745602074687683e-01 2.728944877010685000e-01 1.928762706667446203e-01 3.373292815308535225e-02 3.258902028991038646e-01 9.119266749636828484e-02 9.974937688616937193e-01 8.953627053773779987e-02 1.269031512479095736e-01 1.474746917069135188e-01 6.375962427338094374e-02 1.445273246792642408e-01 2.597520209740082353e-01 1.183147964866331364e-01 2.618032828251197763e-01 3.105943772180026485e-01 4.867555113082222551e-02 2.570217702501848001e-01 1.661728863364045350e-01 5.387807638448119385e-02 2.544280629810738437e-01 -4.375370248427998265e-02 1.330038233440833939e-01 -1.036572914109482393e-02 2.917038212985734735e-01 2.519634454489647624e-01 1.696920092758540388e-01 1.027686441305866033e-01 1.146481491849276196e-01 1.494378202525684929e-01 2.309362762524669321e-01 1.673324310323122399e-01 4.810086319501356567e-01 4.541943023989923611e-02 2.890352109093330957e-01 1.592484118070536803e-01 1.765717035932172774e-01 2.119512844208001900e-01 1.099402852928136887e-01 2.266643513829897372e-01 1.744125784050423733e-01 -1.309770000113187893e-01 1.625447622977011231e-01 1.527550245621261404e-01 2.738614191691194355e-01 5.648558256460316507e-01 2.018788800242708736e-01 1.561966177458818106e-01 -8.845054015758420374e-02 9.879729527592781557e-02 2.221255241696117044e-01 1.635949031859529612e-01 1.427810190946883495e-01
2.801141248691885743e-01 -3.059163163189392715e-02 -5.857706469648515935e-02 -6.902433293151264901e-03 -2.060672956807155232e-01 6.127348396686826959e-01 5.635636144761240196e-01 6.033449638379162483e-01 2.629870749385050388e-01 -4.878304617810468036e-02 1.148322971364599959e-01 5.125528233084184482e-01 7.237017948933835432e-02 -8.861688348269704252e-02 1.771123501964559366e-01 6.828523587161755559e-02 3.952807575926051697e-01 8.953627053773779987e-02 9.974940639232594553e-01 1.152571003654708492e-01 2.136158633824499289e-02 8.668023446608608129e-02 5.022934601110490976e-02 2.586735879196407906e-01 3.951895245834946557e-01 4.224616231164164959e-01 2.453850718649291940e-01 2.760146379114009063e-01 2.729591202494370539e-02 2.052731115815889518e-01 1.395185119989181544e-01 2.349433216588760892e-02 4.001755780886694369e-01 6.540017076618060976e-01 1.413159949486208489e-01 -9.556869066314116479e-03 1.708228852231501449e-01 2.204552658969297640e-01 1.382415843812324630e-01 4.307039270895072769e-01 1.565663950268216809e-01 4.343184275708089626e-01 4.741734817815634329e-01 2.384154900535805088e-02 2.923412966300962257e-01 -5.782600338373043714e-02 4.266097201174138265e-01 3.126094374012245991e-01 2.132020469020443065e-01 3.946086874728327309e-01 2.443819964176314752e-01 3.150794496459174282e-03 -1.112872890234626461e-02 3.008956057596400280e-01 -6.545842396301454480e-02 2.635887213920054886e-02 9.968072176133893625e-02 2.782416034228148982e-01 -1.185336738922773830e-01 -1.654226907974773453e-03 2.568728142109790724e-01 3.441143708852026917e-01 4.712438130768232813e-01 3.988573908103587584e-01
2.442782091002910702e-02 2.847328427182557187e-01 2.815233848803256334e-01 5.190561662036039664e-02 2.103536395027772454e-01 1.332343417520110707e-01 9.757300816042700775e-02 2.334561479929282424e-01 2.052653076321182268e-01 5.513149575837542060e-02 3.081356674687280583e-01 1.159515899322204335e-01 1.920034459548012051e-01 4.129257198581890581e-02 5.009609854045224409e-02 2.441230791334395855e-01 1.240312096281420834e-01 1.269031512479095736e-01 1.152571003654708492e-01 9.974933567214122609e-01 3.754990082479022773e-01 -6.247309514679807302e-02 -2.494602675094930444e-01 1.848817227262414264e-01 6.293928756900724064e-02 3.645418140068112933e-02 2.078855232286994092e-01 1.993118788099132177e-01 2.370695510105280124e-01 -1.664831319840912732e-02 1.668187788829263440e-01 1.730658968041782209e-01 1.629924634138089079e-01 1.331373220610729824e-01 -1.812775095764266459e-02 4.559830325153996222e-02 7.649195065453585907e-02 4.881630457006808088e-02 -2.136071094833277006e-01 1.247568869574469386e-01 5.765533546817414728e-02 1.827000808496744289e-01 6.533160127863665845e-02 7.311747972413981667e-02 2.990091356991246840e-01 1.848327262361461609e-01 1.264084066319985378e-01 4.060000384216110036e-02 -5.279872820399605232e-02 7.656230870953115164e-02 -1.374560598948433403e-02 -4.826818789830573941e-02 9.713025777431336105e-02 8.401670744260934798e-02 3.221189372480347535e-01 4.151782967322678042e-01 1.203528792836683070e-01 -6.599416906395368099e-02 1.013364067490144377e-01 1.490327011005454505e-01 3.217030653740837048e-02 1.650090843198747520e-02 6.190304328226071268e-02 7.629653583701433150e-02
3.421217583135400392e-02 5.034702141276738985e-01 3.340947708107855907e-01 1.447179942797676144e-01 2.608243457671645116e-01 3.551611547764538246e-02 2.313639361810368444e-02 6.498167505259257182e-02 1.767665078274922308e-01 7.306939353759411837e-02 2.620163193317995853e-01 7.939824969877641581e-02 1.268218998163183897e-01 1.636779404088450074e-01 7.262991717909805800e-02 2.328690592429975836e-01 3.971996628992309486e-02 1.474746917069135188e-01 2.136158633824499289e-02 3.754990082479022773e-01 9.974939248002057113e-01 1.213612489767742705e-02 -3.981791498255200790e-02 1.407647928033896045e-01 4.089950721075957807e-02 6.384897837153739875e-02 1.679928732698870719e-01 1.089013045132796315e-01 2.088846707076699727e-01 4.016580894574635352e-02 1.125650364451481200e-01 2.425552948759109873e-01 4.583880361201228548e-02 5.390137210094372855e-02 9.996021885979960303e-03 1.491771949547902043e-01 1.570614620561693597e-01 1.689681741101670409e-01 -8.919375002907327377e-02 6.975449484477211359e-02 1.133419620076202144e-01 1.325912003186482668e-01 4.211815037649699334e-02 1.028783144725110982e-01 9.296946403506357870e-02 1.955725734701777574e-01 8.034218021007041854e-02 3.510411908885296972e-02 5.010171714977956769e-02 6.035146604652879415e-02 5.691170388615612516e-03 3.452112980159098565e-02 -2.054123640496069783e-02 9.139289817928454573e-02 3.067698035074740703e-01 3.192853929358229759e-01 1.368415817391354095e-01 9.250724977061051957e-03 2.505808461615878779e-01 4.035983564779821453e-02 3.407652892287952456e-02 4.062814072224876782e-02 6.481038163681353270e-02 5.447557330793130481e-02
5.914148572363760875e-02 -2.127147636033297970e-02 3.767940891779992391e-02 1.520407057879091528e-01 6.305451968410560881e-02 -6.410894226345829547e-03 1.564524096804385533e-01 -7.590745179581494251e-02 2.378269575363463895e-01 -5.288438304688641844e-02 9.392705766067371842e-02 1.808367556002583587e-01 1.097540642222741628e-02 1.856006663328883532e-01 1.474134707813878897e-01 8.423702570057085837e-02 -7.833213847154729681e-02 6.375962427338094374e-02 8.668023446608608129e-02 -6.247309514679807302e-02 1.213612489767742705e-02 9.974936391474519271e-01 9.475766838249916058e-02 1.584187242864728562e-01 1.514123126563247934e-01 1.949255405920979622e-01 1.625654033798074050e-01 -5.633632045823872697e-02 5.140278413559411230e-02 6.100477484267217282e-02 1.650558775745855078e-01 1.287055200210482364e-01 7.490715666035648035e-02 7.318837193141849995e-02 4.104301799735188827e-01 9.460051601316570025e-02 -9.440699634430725282e-03 1.150710043306931996e-01 5.810758812007718599e-02 3.255376711024301345e-02 6.399390562007654937e-02 2.457835601884616472e-01 3.559856130392301532e-01 -1.359457790116918446e-02 -4.041971113374155933e-01 3.220023748282412751e-02 1.801275113225300761e-01 2.397606756642222114e-01 7.904912602763145002e-02 1.824675454823303233e-01 9.793200822068498512e-02 -2.309601428904289183e-02 1.330320073520835193e-02 3.242546415521911918e-01 2.131706080855134272e-02 5.998474123244693090e-02 5.629797501131877241e-02 9.710446881211824699e-02 2.619552057949486867e-02 3.487951181718660504e-02 1.763414811337231936e-01 8.457613426734220119e-02 2.023350967081073426e-01 1.245210757056884887e-01
1.918588931672758346e-01 -5.883605412151163977e-02 -1.387964650626124785e-01 1.681808900972912024e-01 8.174646143565290901e-02 8.196221833700619019e-02 4.120428720965522290e-02 -1.009693759105658728e-01 3.547717687366249567e-02 7.953065561097408254e-02 -5.084899971462460144e-02 1.520975071279730417e-01 -4.648461467244929118e-02 2.312817987076904169e-01 1.095169882997317212e-01 7.486378268501904520e-02 5.646831976887427273e-02 1.445273246792642408e-01 5.022934601110490976e-02 -2.494602675094930444e-01 -3.981791498255200790e-02 9.475766838249916058e-02 9.974940124525961682e-01 4.665497441949104096e-02 1.328234563457948991e-01 3.352635380980046320e-01 5.103967708612430765e-02 1.294356475080603308e-03 1.102677148549306707e-02 3.043015052840061241e-01 -1.955400467307444601e-01 1.291839813191413555e-01 -4.436354224275405878e-02 8.321000586719003167e-02 1.439229592785997922e-02 2.860268110498910832e-01 2.498467278895340482e-01 2.862740476497893649e-01 5.413898804180307112e-01 1.162079277433800684e-01 1.775088407261177226e-01 6.274669195685073086e-02 1.432691519850709805e-01 1.528765205589709963e-01 -9.732811166348999399e-02 2.531300361676246113e-02 6.626195437394617749e-02 1.721566753508079750e-01 4.858094388172715106e-01 1.414048636782064827e-01 2.985747935512684803e-01 3.016795546088227309e-01 -3.346382477359248209e-01 1.170616286992790245e-01 -1.057344038200341563e-01 -2.159072110066984074e-02 1.542309431098105865e-01 4.717199463970044304e-01 1.062836570124689739e-01 -4.450036023545487773e-01 1.252583400196101704e-01 3.128922040488149592e-01 1.861692240888847549e-01 1.534158265323863068e-01
1.371245305576672957e-01 8.620137896265631094e-02 1.448666629089973568e-01 1.130483098675008069e-01 1.539139337277497521e-01 2.213546026637163711e-01 2.819136853824353306e-01 1.920316580893968172e-01 3.543337289418658220e-01 1.522151096482202426e-01 2.226835560237313549e-01 3.376315445914636615e-01 3.892407973573329127e-01 1.220638041630940501e-01 1.005228288811206155e-01 2.720444692165589484e-01 1.469814393581563849e-01 2.597520209740082353e-01 2.586735879196407906e-01 1.848817227262414264e-01 1.407647928033896045e-01 1.584187242864728562e-01 4.665497441949104096e-02 9.974940593348985418e-01 2.343341561499661663e-01 3.129376888853081518e-01 4.893678297457876303e-01 1.185811983834657857e-01 2.286589561729659992e-01 1.290470294365863024e-01 2.196810976925284431e-01 2.173547438555917810e-01 1.486396850700449912e-01 2.732031623732806835e-01 1.463037961230420347e-01 1.629234839757973952e-01 1.607017844292176756e-01 1.734095749679004372e-01 4.217552333912909929e-02 2.003486288801384907e-01 1.311128820675074580e-01 5.239273623971532068e-01 3.701171436433968176e-01 1.857064831426251950e-01 7.206956685075444069e-02 2.567309015664070992e-01 3.766457683708601678e-01 2.836591305114303796e-01 1.562173985392549258e-01 2.399619040230881462e-01 1.927863087983573698e-01 4.911029589879024881e-02 -1.949830888211099775e-02 3.237557897489724557e-01 1.589020773963482069e-01 3.089627189720502987e-01 3.039404976108921463e-01 1.757745924156856876e-01 5.576404470616187770e-02 4.170626842584663346e-02 1.641541982735069127e-01 2.092115723066599320e-01 2.604435770488240376e-01 2.418481964008689089e-01
