9.974935879118546067e-01 1.416910356620434408e-01 1.392201529529889792e-01 5.213474609397474868e-01 2.511112637328154484e-01 1.635587648148983941e-02 1.235009607646781193e-01 1.128846532312337558e-01 6.623445604381796026e-02 -2.590673644878389859e-02 8.013957418500826380e-02 1.979816891980628324e-01 1.287515218618028034e-01 5.553883277334874524e-01 1.579408274982852523e-01 7.862675710917799154e-02 8.323138184197416412e-02 1.258901696405807513e-01 -9.068105970214970779e-03 1.829632226663959749e-01 2.694295643787991135e-01 9.437540471257238606e-02 2.049770689873864349e-01 1.280849378332376831e-01 1.286299095767592382e-01 5.422221645583923111e-02 1.469546215027822955e-01 1.510237312687237321e-01 4.794944832909556198e-02 4.339677362724218557e-01 1.477463159434303230e-01 4.476853146422992702e-01 1.822244265221898141e-01 1.397078587156982965e-01 1.417519772942726908e-01 3.886109792050069789e-01 6.517574372945884181e-03 2.461836430648840224e-01 2.633699790881799396e-01 1.522419189121526906e-01 8.181364102443532127e-02 1.440215319065078492e-01 1.955413038242245771e-01 5.741121558699632810e-02 4.200154240683631746e-02 2.825787464955728523e-02 1.515792165992621010e-01 1.149922963853449581e-01 1.334656722053491895e-01 1.082773643011887416e-01 1.123037433847000333e-01 1.948220465920284528e-01 4.109364550371549241e-01 2.054556917641569280e-01 1.467840752346601108e-01 2.061919340269761647e-01 1.181969553713752563e-01 3.010593976809251143e-02 4.771507090962214814e-01 1.313453936660847199e-01 2.897328715261384136e-01 3.929937589582337965e-01 1.214167652608930670e-01 2.179837835187463935e-01
1.416910356620434408e-01 9.974937034184807594e-01 2.757307765483067996e-01 6.270820921041064810e-02 1.781804579664181820e-01 1.987694370123807841e-01 2.351269737831644668e-01 2.033292906312841319e-01 1.266157654957951739e-01 4.271531255628831236e-02 1.476487516613206596e-01 3.085623389741011802e-01 3.220569840684233132e-01 1.196007480372242998e-01 9.987423562998763715e-02 1.586481498624685016e-01 2.230948435691831877e-01 3.366774617547487192e-01 1.366346494781347787e-01 2.530752552871965433e-01 2.869041395712653153e-01 5.412331315535807291e-02 1.066856531336690533e-01 3.093234523054436136e-01 1.590625015731120251e-01 1.491482305567889688e-01 2.121537495953150221e-01 2.601568491429183672e-01 1.119483320050097541e-01 8.885503444335460244e-02 2.852043166442651545e-01 1.594414138886245669e-01 2.746535547619358697e-01 2.012486836685151714e-01 2.478215335480035697e-01 1.413134420339366981e-01 2.252599667016162432e-01 1.679724498874526073e-01 6.108806370844888783e-02 2.748289647338520991e-01 2.175736068914343735e-01 2.763524846337664931e-01 2.590164392909728441e-01 1.203582359256598067e-01 1.105601348372192150e-01 1.618226450428523200e-01 1.751266300933723707e-01 2.088083972715883974e-01 2.222934907748516653e-01 1.890328066372558291e-01 1.395327721929899845e-01 9.765535963007790365e-02 7.395820831123434136e-02 2.791930322126651154e-01 2.844239874978032323e-01 2.072651524980922422e-01 2.112902761999969625e-01 2.083895413536628882e-01 7.898344222583850160e-02 2.940606502245762810e-01 1.318311706196870492e-01 1.474992978179724967e-01 1.823489392990667590e-01 1.587866723604994812e-01
1.392201529529889792e-01 2.757307765483067996e-01 9.974934305063762885e-01 1.149047703403034172e-02 2.266225752584650199e-01 3.204016254461779512e-01 3.187320916501560353e-01 2.944772757220000536e-01 1.550232132379553707e-01 1.761774432836093682e-02 1.886181283486792759e-01 4.058292246579964790e-01 6.006094415451903590e-01 1.071063266175524276e-01 1.466930139708997327e-01 2.162954803814843285e-01 2.901574320982818200e-01 2.539422628167531393e-01 2.338450973456340509e-01 3.573264114603124098e-01 2.143280053323116108e-01 1.029256776613180213e-01 1.105817152568384087e-01 3.400492326010821631e-01 2.401697281808101159e-01 2.679553516508120237e-01 2.704706153987044837e-01 2.659728145082955741e-01 2.094481216731333140e-01 8.785799776013170082e-02 5.731203763322959555e-01 1.892821881637199166e-01 3.487501507368517273e-01 3.261102780692025638e-01 4.506733621664766321e-01 1.754132308524492256e-01 3.432352010414189136e-01 2.532986688735243685e-01 1.050138840234058311e-02 3.555017616143521519e-01 1.513451027174082530e-01 3.435149716649952278e-01 3.943757872386060015e-01 9.316893549760280058e-02 1.101893209429907761e-01 1.851486323563679981e-01 2.340537044735357675e-01 4.282444691041091267e-01 3.848507572894916962e-01 1.483206046629038100e-01 1.896785155293294889e-01 1.284575937910767129e-01 5.639270536378843124e-02 3.661499416099643911e-01 6.345509985568693612e-01 2.582316274996087624e-01 1.776068446261450939e-01 2.945690032869071606e-01 4.073581215884813228e-02 4.977382006593923935e-01 1.346215636718545161e-01 1.733070830811332397e-01 2.539468984736073520e-01 2.319757655597004808e-01
5.213474609397474868e-01 6.270820921041064810e-02 1.149047703403034172e-02 9.974939887466364175e-01 2.121924605073715608e-01 -1.571215547186073647e-01 8.988978301356137859e-03 -9.440335870510864133e-03 1.686036678141106596e-02 1.274856406261466388e-02 2.032266824217197551e-02 7.521687675509523829e-02 1.209704476136434954e-02 6.147985765627996813e-01 5.977827453536457836e-02 8.777568116759728103e-03 -1.221594373749083744e-02 5.571444037201171706e-02 -1.251800934793260156e-01 1.314117242721658252e-01 1.838246116820577980e-01 3.609049940894460545e-02 1.533829916092828982e-01 2.786523859121648600e-02 3.222720807938647680e-02 -5.979414728031266779e-02 5.273469424592581306e-02 6.501742478317235063e-02 -1.233411703642401519e-02 3.283117300909974001e-01 1.097184731907440564e-02 2.845515845632222152e-01 6.588033872392945467e-02 3.431438008644822034e-03 2.542189770506876959e-02 2.872990168887391560e-01 -1.348448674549592718e-01 1.248574651035685296e-01 2.869002378584694646e-01 3.345051450469766624e-02 4.394576661856106764e-02 3.238909183233006778e-02 5.541524643901124536e-02 5.657867611555026516e-02 2.497877675431716890e-02 -3.467492845267050594e-02 6.240847337279481488e-02 -4.994243423199794252e-02 4.866431352297655513e-03 5.241110771178284639e-02 5.614474482607351158e-02 1.144563371008697483e-01 4.945764322855611961e-01 1.088516840992596185e-01 1.155052536301316192e-02 1.131700264152073476e-01 7.766264960671961926e-02 -4.559921241691852756e-02 5.822423047468432422e-01 9.928176895917116898e-03 2.290170637340988857e-01 2.293930190994564189e-01 3.503085608212899715e-02 8.380991262960392485e-02
2.511112637328154484e-01 1.781804579664181820e-01 2.266225752584650199e-01 2.121924605073715608e-01 9.974932296627453399e-01 1.338540082347452753e-01 1.797110332345385475e-01 1.647346335008763041e-01 8.882694147551270514e-02 1.264966086199199868e-02 1.008532246028260165e-01 2.231665017262330908e-01 2.331992593024644900e-01 3.582779974915790699e-01 9.834091008610577889e-02 1.148296103950882385e-01 1.599620854074640386e-01 1.810325675354729769e-01 8.824208567148125737e-02 2.693635531891774293e-01 2.269504426049987755e-01 6.802568789947860406e-02 1.264821084775835103e-01 1.854046614257134906e-01 1.406207126747939240e-01 1.594687397561368458e-01 1.826889128475009949e-01 1.831070530735249002e-01 8.654136848595328502e-02 1.637682533996971390e-01 2.355910093915120629e-01 2.120633540147029705e-01 2.435877842361429679e-01 1.705603353529101807e-01 2.122460312389014003e-01 1.830512462262909590e-01 1.432126725150688895e-01 1.752976152778081276e-01 1.066875984321361964e-01 2.162842508440423472e-01 1.767993801482027061e-01 1.903461476744230663e-01 2.426863992373907708e-01 7.436373826717060376e-02 7.306049616535609248e-02 8.507523602349476022e-02 1.580289493898718312e-01 1.780121763663218559e-01 2.105576736502836610e-01 1.003705312345518907e-01 1.249395248296683025e-01 1.066691511508799928e-01 1.997561311557437824e-01 3.380267406986535716e-01 2.658000884039065648e-01 2.409223519558238436e-01 1.302866972264500878e-01 1.559342133741739300e-01 1.954921617266280887e-01 2.230593899625240573e-01 1.496814974015362731e-01 1.735094602959836307e-01 1.474784694992709866e-01 1.560440577430430020e-01
1.635587648148983941e-02 1.987694370123807841e-01 3.204016254461779512e-01 -1.571215547186073647e-01 1.338540082347452753e-01 9.974932864256866871e-01 3.870681453092242874e-01 4.215073661790735282e-01 1.331868922018232815e-01 -1.494138493186927472e-02 1.458627219234082673e-01 3.101012170870005580e-01 3.157584480065438459e-01 -3.218542101054777671e-02 1.568405278243527323e-01 1.683649859189328690e-01 3.895747428392989375e-01 2.050845641606151570e-01 4.524412470461256497e-01 2.274000237619247800e-01 1.495648173547121929e-01 1.273332005692161262e-01 6.832336203491562454e-02 2.878509108236834702e-01 2.414631108729559661e-01 3.187104687249738832e-01 2.460349850928444937e-01 2.491905389576439256e-01 1.288589289287401518e-01 3.963868617029808750e-02 4.176078989099477057e-01 7.418187757490733725e-02 3.436055880110776006e-01 4.538252915699141909e-01 3.380697244981473171e-01 4.203443993061516809e-02 2.639611104845236977e-01 1.350823728185999439e-01 -4.078952884355219188e-02 3.660712983735776582e-01 7.657883540673197931e-02 3.232826885731679978e-01 3.940345897588609647e-01 6.080550079293106647e-02 1.098087606380218628e-01 1.482158484440251056e-01 2.085808541436640628e-01 2.403192466880182676e-01 2.465734397996526550e-01 1.113858086803132391e-01 1.386989916364227970e-01 6.072960116582422352e-02 -3.216204844684858455e-02 3.075208674323591795e-01 3.459883182085248809e-01 1.833506561926575018e-01 1.292583421333306781e-01 3.320137512889999032e-01 -1.363570874478551020e-01 3.797259221376950711e-01 6.525547201110264151e-02 1.226941679864766016e-01 2.150656066058063143e-01 2.267241889120922838e-01
1.235009607646781193e-01 2.351269737831644668e-01 3.187320916501560353e-01 8.988978301356137859e-03 1.797110332345385475e-01 3.870681453092242874e-01 9.974935810561696981e-01 3.401404074555320345e-01 1.789019554877675777e-01 2.720466818622599425e-02 1.719163743946544309e-01 3.553264864691446645e-01 3.225891850853909171e-01 9.142302630006493569e-02 1.441106171685710979e-01 1.997678385521630129e-01 3.458100152156056151e-01 2.583002033713487910e-01 2.371688978445791740e-01 2.595977367997902574e-01 1.847436132975198986e-01 8.484377694579958717e-02 1.046739080142681660e-01 3.766872431812461897e-01 2.028528100778756449e-01 2.061117870500177585e-01 2.930370636338501811e-01 2.697023720956986392e-01 1.369251647665850891e-01 9.000248773293482996e-02 3.571295197494580576e-01 1.502861791580223927e-01 3.585966057830230480e-01 3.102767074226433497e-01 3.042196577131117130e-01 1.383212127992497487e-01 2.578396802362324935e-01 1.793521144201142281e-01 3.651940471550634004e-02 4.290819740959933570e-01 1.201145118738308898e-01 4.607039484502564730e-01 3.372392725415400694e-01 9.979858706079813846e-02 1.655063737841172278e-01 1.654129485953195755e-01 2.175089927911214305e-01 2.710360794708570054e-01 3.383121957367649646e-01 1.253436170641266945e-01 1.666439024427758264e-01 1.059000201653586271e-01 5.515061138306553978e-02 3.322427176476980826e-01 3.338459201921457065e-01 2.429415515074936360e-01 1.919227792251166631e-01 2.789538318869536071e-01 3.148595651967044801e-02 3.503171606820197903e-01 1.205220398524223802e-01 1.802140588498008511e-01 2.150708901108534243e-01 2.084122296647602235e-01
1.128846532312337558e-01 2.033292906312841319e-01 2.944772757220000536e-01 -9.440335870510864133e-03 1.647346335008763041e-01 4.215073661790735282e-01 3.401404074555320345e-01 9.974935219500502548e-01 1.239757693916565540e-01 -1.631442929871376457e-01 1.331397386467156607e-01 3.102708692111533217e-01 2.926511358448349309e-01 6.836672511635343008e-02 2.011552718971525711e-01 1.540462250320489557e-01 2.768724103516920776e-01 1.805076010022869937e-01 3.771952002939629178e-01 2.539526011143916628e-01 2.218051151261079545e-01 1.247124234453267089e-01 7.646230571619652694e-02 2.627083006653934127e-01 2.355303881710025249e-01 2.520310059859503515e-01 2.532611889509295278e-01 3.157561055695451979e-01 1.251569093379649167e-01 9.045351351163509468e-02 3.620877054032801690e-01 1.274599921149873472e-01 4.655395283400928785e-01 4.186743210042052632e-01 3.126466187323425627e-01 7.470519714526206723e-02 2.084538773385601063e-01 1.526494414242037245e-01 -2.098112798151150274e-02 3.636705777785612104e-01 8.302912225886477371e-02 2.993424570054780687e-01 4.014903163731027291e-01 -2.124731370866238950e-02 9.429497588262447660e-02 1.351833891291416012e-01 2.434094198786008745e-01 2.094224698296359988e-01 2.220337507456439929e-01 1.225187304881456551e-01 8.284062577664927374e-02 7.719133555022787696e-02 4.654337351820284074e-02 3.230194105970605190e-01 3.161329324151253006e-01 2.010938021353899929e-01 7.912642565410737960e-02 2.200144697997757082e-01 -2.204645960562816656e-02 3.580280541589085930e-01 1.064230959826884954e-01 1.591597274555375807e-01 1.962873411852111560e-01 2.912055199330225164e-01
6.623445604381796026e-02 1.266157654957951739e-01 1.550232132379553707e-01 1.686036678141106596e-02 8.882694147551270514e-02 1.331868922018232815e-01 1.789019554877675777e-01 1.239757693916565540e-01 9.974936266165481680e-01 1.977510507389056149e-02 1.257939548828619081e-01 1.631063854781047151e-01 1.639917694970601247e-01 5.309959622280712582e-02 7.055254851448616860e-02 2.610157301682013986e-01 1.630575375564469465e-01 1.250011863493575848e-01 8.291414039487954302e-02 1.243992229562851798e-01 9.020869771614775656e-02 3.173893134214839096e-02 4.810546274784990861e-02 2.800477345285997677e-01 9.125965817779244094e-02 8.727611079293706720e-02 1.576323855496738757e-01 1.280463420049059720e-01 1.325635978628785794e-01 4.348636117133263673e-02 1.666915620587178792e-01 8.933809009420747016e-02 1.552890182427702492e-01 1.311730111930412002e-01 1.408077833084523112e-01 7.333996331687925307e-02 1.179363827486768768e-01 1.035480724688224580e-01 1.506925194877636182e-02 2.012960062522522464e-01 6.188693989774304849e-02 3.125166126098602448e-01 1.464237208138637614e-01 5.236596852156726739e-02 8.240698075518451682e-02 1.573674370071105055e-01 9.703931143120021752e-02 1.245603952053000452e-01 1.362417244186605592e-01 6.149608032257156132e-02 7.745032090112814738e-02 9.031753877623957538e-02 2.724873039351663473e-02 1.446086815200383346e-01 1.642166121611420559e-01 1.643325860404733219e-01 1.079023158366067270e-01 1.265420529421772133e-01 2.790260458513834502e-02 1.583680700110364770e-01 5.740499845023579184e-02 7.206960368453056709e-02 9.985282760408711877e-02 9.860422581602489023e-02
-2.590673644878389859e-02 4.271531255628831236e-02 1.761774432836093682e-02 1.274856406261466388e-02 1.264966086199199868e-02 -1.494138493186927472e-02 2.720466818622599425e-02 -1.631442929871376457e-01 1.977510507389056149e-02 9.974933383722096591e-01 3.469653865340316390e-02 2.144723604119641580e-02 3.342905370421400679e-02 1.704875934917556707e-02 -8.840230272202193040e-02 -3.483849815498452421e-03 8.864327594980439540e-02 2.294363578138923221e-01 -4.800101394963626755e-02 2.889259060509744709e-02 -1.437595871951370119e-01 -3.656482560639268131e-02 8.251504828505307199e-02 6.910451518313912023e-02 -6.174343719045195800e-02 -5.438174343714347742e-02 -1.479934067643825027e-03 1.269054804978273117e-02 -6.447280824464254878e-02 1.626411077559263008e-02 8.559237514784236861e-03 -4.472413031795109684e-03 -2.212904943452692272e-02 -3.718713179485033660e-02 9.436466614659862195e-03 1.074084073018829327e-01 8.614686893173298388e-02 3.526089521759014512e-03 2.128916491594900484e-01 2.350372648736321485e-02 3.868640547729973456e-02 3.860467054488387478e-02 -1.712588990366206362e-02 5.487421015508642252e-01 1.399371965905499005e-01 -2.769478305876137830e-02 -2.311774393421292539e-02 5.642536946358913535e-02 6.720222599726990986e-02 -1.781688935590436396e-02 3.050822832458728318e-01 9.867604556011107253e-03 1.413984411500091021e-02 6.489852537953705314e-02 1.185415276736728751e-02 9.234629060169172871e-03 3.960444816746723218e-01 1.763648553090530480e-01 7.006604760207191251e-02 2.425593817146475678e-02 1.013691435796803056e-02 1.892091766121329136e-02 5.056998094869053634e-02 -2.355760647595760149e-01
8.013957418500826380e-02 1.476487516613206596e-01 1.886181283486792759e-01 2.032266824217197551e-02 1.008532246028260165e-01 1.458627219234082673e-01 1.719163743946544309e-01 1.331397386467156607e-01 1.257939548828619081e-01 3.469653865340316390e-02 9.974934375570699840e-01 1.731315740270608639e-01 1.891371820017156979e-01 6.241016974004245932e-02 7.101051987372498930e-02 2.755119627323652232e-01 1.630273317298731039e-01 1.525894626974417245e-01 9.426881939906997521e-02 1.425736087817214559e-01 9.789191756591854310e-02 4.183013750533991215e-02 6.113267572232550934e-02 1.995834104165312151e-01 1.017236325058517854e-01 1.040594845359972959e-01 1.431363263401932706e-01 1.272386964095848227e-01 1.476899413389302917e-01 5.555813096306772697e-02 2.130081872160098921e-01 1.086003180418247394e-01 1.652258278475231823e-01 1.463942085048129949e-01 2.009347118875682292e-01 9.758995698702704891e-02 1.453071572264362787e-01 1.179813512092901945e-01 3.015969107515173442e-02 1.884197160330241816e-01 7.012142525205200538e-02 2.588667029661684271e-01 1.715973941309906492e-01 8.642923173562290506e-02 5.923094825941849217e-02 1.433630050689029545e-01 1.053318823655468028e-01 1.746821438318663100e-01 1.607617255625877484e-01 6.780793460207626411e-02 1.014878058907080632e-01 1.751027670384162072e-01 3.432925782758164401e-02 1.711373222495768398e-01 2.022834074877419008e-01 1.419581105747872163e-01 1.146916821184144619e-01 1.628460464572948074e-01 3.873553095106301025e-02 2.339049474260255224e-01 7.300251410317384893e-02 8.533120777872998941e-02 1.100091969438848211e-01 1.011339382889321625e-01
1.979816891980628324e-01 3.085623389741011802e-01 4.058292246579964790e-01 7.521687675509523829e-02 2.231665017262330908e-01 3.101012170870005580e-01 3.553264864691446645e-01 3.102708692111533217e-01 1.631063854781047151e-01 2.144723604119641580e-02 1.731315740270608639e-01 9.974938409187626975e-01 3.637567728861944572e-01 1.670863366578883569e-01 1.717793393508627031e-01 1.971660674997750273e-01 2.905145836803779136e-01 2.627478814956090702e-01 2.331170464128124453e-01 2.900796745700311430e-01 2.405048411695679123e-01 1.295879486647114609e-01 1.251752437971604959e-01 3.375001960556173186e-01 3.011053488094942443e-01 2.845933548481238140e-01 3.438533380299013675e-01 3.280614446617919899e-01 1.443468635405653067e-01 1.395777732259236292e-01 4.164804805412636313e-01 2.244123147062302981e-01 3.743558037253090220e-01 3.685771529889639297e-01 3.826008496161905637e-01 1.740109107823135104e-01 2.463836143985883576e-01 2.662928025806958754e-01 6.140602381637595697e-02 3.800340852507897438e-01 1.306924406825811513e-01 3.973669273351701503e-01 4.521797742757502903e-01 1.001177055234600960e-01 1.125167797314272355e-01 1.674304707553750382e-01 3.435015133701609380e-01 2.891942249817986976e-01 2.893385530614724921e-01 2.429025838825160655e-01 1.818727866397774617e-01 1.269700612810237550e-01 1.054560241653437341e-01 3.658483261157687294e-01 3.911391204382048126e-01 3.147608486944998285e-01 2.027418356152341228e-01 2.572857665300539720e-01 8.645500808990154440e-02 3.752435925176552667e-01 1.736434493154081771e-01 2.460610274017930033e-01 4.621474373895150811e-01 2.796488015200022659e-01
1.287515218618028034e-01 3.220569840684233132e-01 6.006094415451903590e-01 1.209704476136434954e-02 2.331992593024644900e-01 3.157584480065438459e-01 3.225891850853909171e-01 2.926511358448349309e-01 1.639917694970601247e-01 3.342905370421400679e-02 1.891371820017156979e-01 3.637567728861944572e-01 9.974939462365458587e-01 1.034987566797504199e-01 1.381618138638137649e-01 2.170217672086598992e-01 3.059940524490914471e-01 2.806109621979846480e-01 2.275889411256531158e-01 4.515150180195908747e-01 2.231927580721310700e-01 8.385862367584458188e-02 1.223607771649290188e-01 3.934251912324696066e-01 2.262389957920673544e-01 2.502382129062077354e-01 2.715558639575844091e-01 2.811138880106344717e-01 1.970309202413857985e-01 7.069098811757169865e-02 5.270757652205848576e-01 1.728727097088166020e-01 3.610096048528505519e-01 3.102264757307371945e-01 4.292170540063865447e-01 1.668197869783517862e-01 4.098407494657306249e-01 2.196127593369328890e-01 2.683085744073103462e-02 3.651034136256188223e-01 1.778601707264443887e-01 3.549557221752056568e-01 3.788270944025023401e-01 1.104144298166062771e-01 1.354810300543030643e-01 1.911655809417218410e-01 2.269417005896794404e-01 3.739488111269498871e-01 3.680545781278541373e-01 1.432984639697975071e-01 1.922668040371612319e-01 1.219686023003816316e-01 5.069627243269134165e-02 3.795060372696757445e-01 6.134718022992854403e-01 2.542071869258303862e-01 2.001637575005703884e-01 3.176136026975843740e-01 4.091729410706668180e-02 5.028244135410823157e-01 1.283797459736808477e-01 1.673176640534818904e-01 2.330081558432590683e-01 2.180266015708523797e-01
5.553883277334874524e-01 1.196007480372242998e-01 1.071063266175524276e-01 6.147985765627996813e-01 3.582779974915790699e-01 -3.218542101054777671e-02 9.142302630006493569e-02 6.836672511635343008e-02 5.309959622280712582e-02 1.704875934917556707e-02 6.241016974004245932e-02 1.670863366578883569e-01 1.034987566797504199e-01 9.974942193921620959e-01 9.574188635700918437e-02 5.855375638904211644e-02 6.523686600962713689e-02 1.177330322614137670e-01 -5.093405112127693396e-02 1.768258942630399622e-01 2.156764395124683986e-01 6.401577755079496113e-02 1.747341244221749801e-01 1.034517891111033927e-01 8.870501224147336883e-02 1.552881540457255391e-02 1.234256154134314859e-01 1.244515918686891209e-01 2.674656402877090278e-02 3.615029107174858036e-01 1.106475191062301633e-01 3.476616446300061503e-01 1.478841790285440327e-01 8.799079847647650610e-02 1.101710935526846180e-01 3.182477731200409332e-01 -1.702772785559503177e-02 1.925662349366326354e-01 2.706687240468044209e-01 1.218276301633549885e-01 8.624736901320437243e-02 1.119615543752847941e-01 1.471134495532337161e-01 7.730110691351821384e-02 4.654405876951802495e-02 1.040237050063332926e-02 1.167753504042348123e-01 6.966685522382831675e-02 1.031239356572358074e-01 8.514463445090858507e-02 1.034948921525166571e-01 1.459319765801418978e-01 5.077999181486917424e-01 1.997777156199479209e-01 1.157397652505171015e-01 1.981028168162209391e-01 1.176918177432170753e-01 3.727798610776896643e-02 5.416255083807853810e-01 1.018765332207054591e-01 2.521306765851448750e-01 2.665171872954571475e-01 9.589448548386952931e-02 1.392010102714942299e-01
1.579408274982852523e-01 9.987423562998763715e-02 1.466930139708997327e-01 5.977827453536457836e-02 9.834091008610577889e-02 1.568405278243527323e-01 1.441106171685710979e-01 2.011552718971525711e-01 7.055254851448616860e-02 -8.840230272202193040e-02 7.101051987372498930e-02 1.717793393508627031e-01 1.381618138638137649e-01 9.574188635700918437e-02 9.974941173838121067e-01 8.092158542446213632e-02 1.109613163091256183e-01 7.973632974772146276e-02 1.344808442812701066e-01 1.121345177311996733e-01 1.219442008932089538e-01 1.770477838964720219e-01 5.215442537586373328e-02 1.379712014687165811e-01 1.684897644261423855e-01 1.507093800177814191e-01 1.380570449586417947e-01 1.153606577770827230e-01 5.847581254253155641e-02 1.136502238180704394e-01 1.786304574552753932e-01 1.085332697139012037e-01 1.749456799142528329e-01 2.446699124647011558e-01 1.588681306472183308e-01 7.551752146384688169e-02 7.708120406192592311e-02 9.865619542450596025e-02 1.872917705457158299e-02 1.604833083854719511e-01 2.724079811557143099e-02 1.911093759902491307e-01 2.088455935409851694e-01 -2.963267889628228707e-02 1.563557381523764112e-02 7.125402609009641453e-02 1.367869577366706557e-01 1.014833680505227154e-01 1.042175184297235990e-01 7.752473229447209846e-02 4.021252207587140692e-02 5.809122273476810538e-02 7.216401546602346784e-02 1.524044537634532404e-01 1.595811347154955928e-01 1.137540558890092479e-01 3.909965647403648020e-02 8.278651199259293159e-02 4.756838310897536226e-02 1.566261388992733761e-01 8.479303944404706361e-02 1.149232872287637569e-01 1.162467063335826389e-01 3.283990814031392258e-01
7.862675710917799154e-02 1.586481498624685016e-01 2.162954803814843285e-01 8.777568116759728103e-03 1.148296103950882385e-01 1.683649859189328690e-01 1.997678385521630129e-01 1.540462250320489557e-01 2.610157301682013986e-01 -3.483849815498452421e-03 2.755119627323652232e-01 1.971660674997750273e-01 2.170217672086598992e-01 5.855375638904211644e-02 8.092158542446213632e-02 9.974935162003530920e-01 2.291272677469740060e-01 1.402497567389152378e-01 8.638861612589221473e-02 1.546295754490098484e-01 1.134161341937157397e-01 2.765679844352280856e-02 5.231486954740660611e-02 2.838034817811003752e-01 1.171155940695714770e-01 1.231793090212237318e-01 1.960365331624502050e-01 1.510742305832751819e-01 4.327913438102421462e-01 4.230605471876943552e-02 2.204974271235842775e-01 1.304564958087207904e-01 1.927448947804962232e-01 1.542988296169131024e-01 1.890694074499815192e-01 9.456835793772043475e-02 1.629913163913646601e-01 1.571430571250256036e-01 -1.631677553629894833e-02 2.517173453386367665e-01 8.221345360314299966e-02 2.923942320896396052e-01 1.824410591465476239e-01 4.763285196349499595e-02 5.074449362566524346e-02 3.940103344545226038e-01 1.198097454221094676e-01 1.766581775252667186e-01 1.790938685808707298e-01 7.858308351517394319e-02 9.646357166847249753e-02 1.927861806808138234e-01 1.334671190217933887e-02 1.809552264775672603e-01 2.426549631362561465e-01 2.304508333219694727e-01 9.650429122514742053e-02 1.829329918087773676e-01 2.679151832406381772e-02 2.125879069441273805e-01 7.494928450450308310e-02 7.702045178597591302e-02 1.257338570206337491e-01 1.279111663040073121e-01
8.323138184197416412e-02 2.230948435691831877e-01 2.901574320982818200e-01 -1.221594373749083744e-02 1.599620854074640386e-01 3.895747428392989375e-01 3.458100152156056151e-01 2.768724103516920776e-01 1.630575375564469465e-01 8.864327594980439540e-02 1.630273317298731039e-01 2.905145836803779136e-01 3.059940524490914471e-01 6.523686600962713689e-02 1.109613163091256183e-01 2.291272677469740060e-01 9.974933557616796342e-01 2.520388292757276272e-01 2.168246424391563898e-01 2.651385045318899181e-01 1.665079392820105753e-01 4.470230586251915800e-02 1.131852872689255857e-01 3.508101623014781012e-01 1.735886901295933815e-01 1.630211235040179840e-01 2.793358271251682456e-01 3.488367477917158621e-01 1.401088437149651256e-01 6.744282252034258796e-02 3.287592015537490475e-01 1.163913112323188004e-01 3.319162914401140307e-01 2.706458463033978856e-01 2.780293075313186590e-01 1.203210928840490468e-01 2.749399182675064113e-01 1.489898926393724565e-01 4.456925493432428026e-02 4.426329134530717080e-01 1.231401881537589893e-01 3.504453869830920221e-01 2.941225085180809162e-01 1.429763993925783627e-01 2.892379428234372885e-01 1.529478322783080213e-01 1.926857543753540125e-01 2.353121014055388760e-01 2.591470061470263486e-01 1.072551418759156439e-01 1.975807248226969237e-01 9.350156610803217472e-02 3.547706356624807933e-02 3.095758403623081745e-01 3.061728839860294316e-01 2.262604488082630705e-01 2.015043117557543950e-01 4.282247971105526130e-01 1.480132971280759616e-02 3.391294709967571652e-01 8.528241547530071576e-02 1.378366467327074019e-01 1.844699560078357781e-01 1.634400458014819979e-01
1.258901696405807513e-01 3.366774617547487192e-01 2.539422628167531393e-01 5.571444037201171706e-02 1.810325675354729769e-01 2.050845641606151570e-01 2.583002033713487910e-01 1.805076010022869937e-01 1.250011863493575848e-01 2.294363578138923221e-01 1.525894626974417245e-01 2.627478814956090702e-01 2.806109621979846480e-01 1.177330322614137670e-01 7.973632974772146276e-02 1.402497567389152378e-01 2.520388292757276272e-01 9.974938670282516018e-01 1.322520306181178829e-01 2.468318118485983426e-01 1.538769898899782496e-01 4.849568749528443412e-02 1.373391708279542434e-01 2.977016910903212965e-01 1.395056909237349929e-01 1.284314341351212307e-01 2.091453063524927602e-01 2.196673673091900370e-01 7.582347729862061458e-02 1.010818232814382767e-01 2.736780869417991813e-01 1.368354139733642116e-01 3.111047229227325017e-01 2.033930256440514006e-01 2.432080914461964838e-01 1.811356467427738814e-01 2.919149517395642768e-01 1.458633445715827870e-01 1.446153804565874224e-01 3.026564792362710921e-01 1.401810215290205663e-01 2.844661456344839690e-01 2.697947972232846992e-01 3.220485963301510379e-01 1.739253487617819505e-01 1.097535344519482287e-01 1.754401634724883641e-01 2.197601263177226261e-01 2.394038646091897204e-01 1.077089584031973857e-01 2.198664452532553271e-01 9.241114142156142686e-02 8.302734314989368425e-02 4.039930753217093051e-01 2.694252319524965689e-01 1.896093560101879683e-01 5.174487117551819226e-01 2.803992101035651663e-01 9.481668429295933564e-02 2.764915850426856170e-01 1.122820618006960536e-01 1.479754431413082272e-01 1.699945826154342643e-01 1.044269880739902567e-01
-9.068105970214970779e-03 1.366346494781347787e-01 2.338450973456340509e-01 -1.251800934793260156e-01 8.824208567148125737e-02 4.524412470461256497e-01 2.371688978445791740e-01 3.771952002939629178e-01 8.291414039487954302e-02 -4.800101394963626755e-02 9.426881939906997521e-02 2.331170464128124453e-01 2.275889411256531158e-01 -5.093405112127693396e-02 1.344808442812701066e-01 8.638861612589221473e-02 2.168246424391563898e-01 1.322520306181178829e-01 9.974941549982210276e-01 1.613566562690832706e-01 1.092631229213240768e-01 1.252405089617198153e-01 3.164277114200374913e-02 1.869730766236887554e-01 1.828370101956618698e-01 2.783388272631932558e-01 1.609568683318358673e-01 1.725476248440157567e-01 7.951676563140838705e-02 2.510997483638082589e-02 3.121376985650973768e-01 2.810983900472110303e-02 2.634244343802651378e-01 4.431204329219109450e-01 2.687423303886142256e-01 -2.288107262421421040e-02 1.744477198626687708e-01 8.093522079489730292e-02 -6.422733302615002415e-02 2.369945623204088303e-01 3.134404035178074699e-02 2.197373214251159834e-01 3.629756752188498803e-01 1.243554303261728243e-02 5.058516089514786263e-02 9.609657029103166326e-02 1.584074614270011283e-01 1.574765855259946390e-01 1.555114531366324493e-01 8.105468566628988569e-02 7.049499591371415075e-02 7.920088441294983669e-03 -3.304384734488231140e-02 2.310922994183928214e-01 2.548637388534789050e-01 9.780342717533718755e-02 6.667363571450388160e-02 1.945910874348827646e-01 -1.893875881543017337e-01 3.031453354017606960e-01 3.253589399058941928e-02 8.483744603527534900e-02 1.623388716711454682e-01 1.783962063861039560e-01
1.829632226663959749e-01 2.530752552871965433e-01 3.573264114603124098e-01 1.314117242721658252e-01 2.693635531891774293e-01 2.274000237619247800e-01 2.595977367997902574e-01 2.539526011143916628e-01 1.243992229562851798e-01 2.889259060509744709e-02 1.425736087817214559e-01 2.900796745700311430e-01 4.515150180195908747e-01 1.768258942630399622e-01 1.121345177311996733e-01 1.546295754490098484e-01 2.651385045318899181e-01 2.468318118485983426e-01 1.613566562690832706e-01 9.974936940209760960e-01 2.718573367409761743e-01 3.041977326102354023e-02 1.672375583783125008e-01 2.706341042852707934e-01 1.784734546334578176e-01 1.559930450286439452e-01 2.260460241086776623e-01 3.252770879999527520e-01 1.245217690667678734e-01 1.157479238635278629e-01 3.587293234027493227e-01 1.763378578465238378e-01 3.711368987001675834e-01 2.359084800861985520e-01 3.076829205117750932e-01 1.674233453261873006e-01 2.505326113184009329e-01 1.753039393858947248e-01 8.441359169972767473e-02 3.068292826315350830e-01 2.183778594333591339e-01 2.694545049457489072e-01 3.110169515512039573e-01 1.012452827402140487e-01 2.146787860803281156e-01 1.133131801197589938e-01 2.066152730909729118e-01 2.409212247764351833e-01 2.580075816553953905e-01 1.235567802681384192e-01 1.584879728158374301e-01 1.059074012041863744e-01 1.216626650107713592e-01 3.942646372508374908e-01 3.656515087819536824e-01 2.217051955821212617e-01 1.746250126096130229e-01 2.488042116272491666e-01 1.161381737570788691e-01 3.858560420489978715e-01 1.306840607613795058e-01 1.771046449019921809e-01 1.797790343018838832e-01 1.823886114461327479e-01
2.694295643787991135e-01 2.869041395712653153e-01 2.143280053323116108e-01 1.838246116820577980e-01 2.269504426049987755e-01 1.495648173547121929e-01 1.847436132975198986e-01 2.218051151261079545e-01 9.020869771614775656e-02 -1.437595871951370119e-01 9.789191756591854310e-02 2.405048411695679123e-01 2.231927580721310700e-01 2.156764395124683986e-01 1.219442008932089538e-01 1.134161341937157397e-01 1.665079392820105753e-01 1.538769898899782496e-01 1.092631229213240768e-01 2.718573367409761743e-01 9.974935869109523567e-01 6.746710660372959301e-02 1.015409555727736363e-01 1.916357208724547012e-01 1.604865028329970911e-01 1.308336136709988273e-01 1.963416775606287301e-01 2.715280426056527752e-01 9.161276830756003020e-02 1.477690058352088831e-01 2.258419641027128444e-01 2.448598492581431918e-01 3.184970711786652697e-01 1.883787426854514613e-01 1.998438277825206888e-01 1.535044172700104625e-01 1.235297729125381105e-01 1.854593378077317722e-01 6.116045443124722147e-02 2.384140102908248737e-01 1.171028421743449677e-01 1.987215150947782283e-01 2.465571591473375845e-01 -1.288444699007630992e-02 7.895909777306744926e-02 9.532255079773309381e-02 1.747968393230666106e-01 1.531437998081733309e-01 1.670158573972055360e-01 1.905566489073294012e-01 6.649562415949841765e-02 1.078436186383917306e-01 1.483882899039310477e-01 2.475965819115010791e-01 2.224791460509288332e-01 2.103465558678833669e-01 7.330173212064340638e-02 1.193245724609752201e-01 1.511446537948099855e-01 2.172152504414898710e-01 1.487414557468844933e-01 1.794999327715738890e-01 1.456086076138975727e-01 2.172826196348756622e-01
9.437540471257238606e-02 5.412331315535807291e-02 1.029256776613180213e-01 3.609049940894460545e-02 6.802568789947860406e-02 1.273332005692161262e-01 8.484377694579958717e-02 1.247124234453267089e-01 3.173893134214839096e-02 -3.656482560639268131e-02 4.183013750533991215e-02 1.295879486647114609e-01 8.385862367584458188e-02 6.401577755079496113e-02 1.770477838964720219e-01 2.765679844352280856e-02 4.470230586251915800e-02 4.849568749528443412e-02 1.252405089617198153e-01 3.041977326102354023e-02 6.746710660372959301e-02 9.974932534473320844e-01 3.219034816191008314e-02 7.541196980662828731e-02 1.196259346146238967e-01 2.727506799910117130e-01 7.847589990911478519e-02 4.727964576408824615e-02 -1.590080992013950464e-02 1.585857555320863699e-01 1.491930574350254779e-01 6.949161698359437866e-02 1.132251188361110272e-01 2.190688993213341929e-01 1.648596655244127240e-01 4.073295490859399348e-02 1.433006654050173953e-02 6.648339501188774148e-02 2.080489798981426802e-02 9.233572668196511624e-02 -4.916871504319118846e-02 9.834188579862693236e-02 2.217428348813970385e-01 -1.850143991677181618e-03 -9.108182563466926673e-02 3.995489754905044016e-02 8.855137587858907811e-02 6.246564229598660506e-02 5.590559968392889989e-02 4.978120140352557121e-02 3.133391374193549711e-02 3.114045599084040369e-02 6.499754754329081785e-02 1.161153664652569972e-01 1.217202514428433469e-01 6.374635782940989148e-02 2.785729362818550880e-02 4.856103915599460641e-02 1.455133239702357563e-02 1.186822047935786328e-01 7.966450266764896204e-02 8.748030216601888898e-02 1.114793184357757844e-01 1.412065681794659466e-01
2.049770689873864349e-01 1.066856531336690533e-01 1.105817152568384087e-01 1.533829916092828982e-01 1.264821084775835103e-01 6.832336203491562454e-02 1.046739080142681660e-01 7.646230571619652694e-02 4.810546274784990861e-02 8.251504828505307199e-02 6.113267572232550934e-02 1.251752437971604959e-01 1.223607771649290188e-01 1.747341244221749801e-01 5.215442537586373328e-02 5.231486954740660611e-02 1.131852872689255857e-01 1.373391708279542434e-01 3.164277114200374913e-02 1.672375583783125008e-01 1.015409555727736363e-01 3.219034816191008314e-02 9.974936295488276983e-01 1.034038339401755213e-01 6.955686796767224234e-02 3.689467265158105636e-02 9.113521066291092876e-02 1.119638614517733527e-01 2.942138651167112984e-02 1.763233557545147712e-01 1.227517703721315578e-01 1.323457783852892422e-01 1.330020950347510222e-01 9.255890543872377640e-02 1.124159027146047762e-01 1.771616007863404951e-01 9.627881352994371866e-02 9.175535761122770306e-02 3.057968663882624782e-01 1.174826580726069658e-01 1.338758290982888510e-01 1.083624926754049034e-01 1.329453605589497323e-01 1.294577390186987531e-01 6.987707998745298910e-02 5.367011407886279097e-03 9.335310873058233483e-02 9.497925951763111496e-02 1.128533762350487635e-01 5.307271853607553602e-02 1.281104235846468875e-01 7.175592063910697649e-02 1.516643831944768928e-01 1.872550650381569204e-01 1.192315031771206957e-01 1.025913626321235672e-01 1.402375630044134791e-01 1.748174096268233779e-01 1.834156041466655229e-01 1.265076907614365864e-01 1.219695094104390476e-01 2.014100668740287370e-01 7.891971426006758050e-02 7.275686805199328699e-02
1.280849378332376831e-01 3.093234523054436136e-01 3.400492326010821631e-01 2.786523859121648600e-02 1.854046614257134906e-01 2.878509108236834702e-01 3.766872431812461897e-01 2.627083006653934127e-01 2.800477345285997677e-01 6.910451518313912023e-02 1.995834104165312151e-01 3.375001960556173186e-01 3.934251912324696066e-01 1.034517891111033927e-01 1.379712014687165811e-01 2.838034817811003752e-01 3.508101623014781012e-01 2.977016910903212965e-01 1.869730766236887554e-01 2.706341042852707934e-01 1.916357208724547012e-01 7.541196980662828731e-02 1.034038339401755213e-01 9.974941582796146289e-01 1.921562298101471278e-01 1.947708859961817529e-01 3.492891434500600689e-01 2.588720811772639574e-01 1.803073789772018376e-01 8.561527809515168119e-02 3.541963122252429486e-01 1.697981636072061762e-01 3.414865621478067603e-01 2.735139204519458356e-01 2.988513444593027812e-01 1.518824731803569972e-01 2.603225485732975630e-01 2.063149776309448624e-01 3.587700078479442306e-02 4.681338002051967373e-01 1.348998245624520309e-01 5.395556095027282950e-01 3.126577668562561252e-01 1.341751187067455331e-01 1.246840531863606522e-01 3.546450039332283977e-01 2.058701632104200652e-01 2.610263989321106037e-01 2.803747094826690156e-01 1.312918733918499170e-01 1.706360401637141699e-01 1.241212725737433076e-01 5.411070851265423198e-02 3.152809260966872862e-01 3.534890693662194883e-01 3.048874677608430783e-01 2.989807057695818560e-01 2.709408054532101984e-01 5.100412821520348278e-02 3.389421555248794404e-01 1.176851972603938090e-01 1.474197267989334759e-01 2.117775178754419951e-01 1.987672042536497430e-01
