9.975001742324539622e-01 1.401025639750395346e-01 2.418106453020352209e-01 3.869458279715234927e-01 2.636925375627794388e-01 2.893215909454885382e-01 3.667474518007052264e-01 2.320317570243113359e-01 2.192060571621460285e-01 1.509772388627763362e-01 1.398799895414659100e-01 2.323009172355660901e-01 2.803136218235219856e-01 3.238747303232938357e-01 1.062851616055027065e-01 2.711696765393780684e-01 3.560032796187443394e-01 2.821742746561258786e-01 1.227805863805325193e-01 2.438935891501418096e-01 1.388259775315955902e-01 1.447656657237164357e-01 2.067740128553175738e-01 2.970282821928321160e-01 3.150308430051730890e-01 1.974454254787056662e-01 1.899631051211914112e-01 1.804328058765160003e-01 2.618963400809842801e-01 2.939190897525919000e-01 2.163632770248813952e-01 2.860726003807321227e-01 2.096916537532835523e-01 3.382392589011773976e-01 2.112576005408329516e-01 2.868758245674657426e-01 2.776280495441827423e-01 2.647917996216971881e-01 1.207588387826122739e-01 4.399696450582750717e-01 1.232814890205710251e-01 3.240786422602577321e-01 2.615329712150836206e-01 2.277257633997401831e-01 2.087781675619481137e-01 2.196183179782913442e-01 3.025550648412068666e-01 2.992652424530725663e-01 2.179670587940394644e-01 1.567683148992100040e-01 2.404553091192117575e-01 1.043193802681177812e-01 3.926330380656538610e-01 2.291781281161223149e-01 2.712960091160634413e-01 2.529454842567289696e-01 2.909356866745983483e-01 1.317372030509170733e-01 3.316507728820353718e-01 2.594500799633682186e-01 2.200237477040773715e-01 5.158815665028297914e-01 2.212288244308972529e-01 3.002402837059954810e-01
1.401025639750395346e-01 9.975002863539920162e-01 1.605119758414167985e-01 1.603099085959443504e-01 2.758490921690219255e-01 1.174714378704536100e-01 1.657752751158070026e-01 1.317676010372361151e-01 2.580715928617947075e-01 -1.906311554225481597e-02 8.969209807470608642e-02 1.309283746119477010e-01 1.396984155062266919e-01 2.188026922604924818e-01 1.603490144575749621e-01 2.658142374687282317e-01 1.495467994888001195e-01 1.414546065598331348e-01 5.705599915639672504e-02 1.722068447237453115e-01 4.619827078615900140e-01 3.842884557242796234e-02 8.470259246805840470e-02 2.101504211587947313e-01 1.433366837856707154e-01 9.847589373585755035e-02 1.365626470244826751e-01 1.591574007133222390e-01 1.836256400187094018e-01 5.928694842772932322e-02 1.585402653733128941e-01 1.771746652780401277e-01 1.326355638547431215e-01 1.570415593257428188e-01 2.470500795474172562e-01 1.492748513806983202e-01 1.306390099053468812e-01 1.761000636589438451e-01 4.437728994052447112e-02 1.529684169975780716e-01 1.354680843047895711e-01 1.879732682877441330e-01 1.767040567805346629e-01 9.701421672633572801e-02 9.570027864081051550e-02 1.544010967681538060e-01 1.336103179545029551e-01 1.516705318069503095e-01 1.126763690011071545e-01 9.964511138823603509e-02 8.932003564973421683e-02 8.137248319514961414e-02 1.145294991516853100e-01 1.711080419158594879e-01 2.298031626765765223e-01 2.412308248157734314e-01 1.277170671304762029e-01 6.338429295394429341e-02 1.484022732304345338e-01 1.697441474213073898e-01 1.311377048609959350e-01 1.547343074204329816e-01 1.170348831007291535e-01 1.193011679748665621e-01
2.418106453020352209e-01 1.605119758414167985e-01 9.975002635910920068e-01 2.517668878416370326e-01 2.804688718650302781e-01 2.339904519735188648e-01 2.991344216894912811e-01 2.088307036921995263e-01 2.431036358638685169e-01 2.336181534542864924e-01 2.446402037384436956e-01 2.045866073046891109e-01 4.552888151266524797e-01 3.405933889976206497e-01 9.700403325010290012e-02 3.557231069015739378e-01 2.813282070569402826e-01 3.902976889195369781e-01 1.096637695641652643e-01 2.345707015188650546e-01 1.384767774595887235e-01 1.517003459876146154e-01 2.010574565849307938e-01 3.641798988341079513e-01 2.842331354244424513e-01 1.911869967040591978e-01 1.951780024998104879e-01 1.394497226951273428e-01 4.937782211839020774e-01 2.177264098926241509e-01 3.198308083974433780e-01 2.954228757698745267e-01 1.864238675782665666e-01 2.902788045354824931e-01 2.680122801275376943e-01 4.042042556064576186e-01 3.243219663884610027e-01 3.022875957409654202e-01 1.154875355867815007e-01 3.106293202093495798e-01 1.259020919944252026e-01 3.202011037556675710e-01 2.413590080894807144e-01 3.186977864098112789e-01 1.829479196247942863e-01 5.545081344733673312e-01 2.583768433224871708e-01 3.866610014499385906e-01 2.375661726471513524e-01 5.078595661917627291e-02 3.105591946347626697e-01 9.351138038973644262e-02 1.931442457796694878e-01 2.336417674209321782e-01 3.134838147646368256e-01 3.092404297267948854e-01 3.848091821265650636e-01 1.422952443140431678e-01 2.459504425731342536e-01 5.134490801192805876e-01 1.048261720997624019e-01 2.521382040484191900e-01 2.230012297594750614e-01 2.319391752964451991e-01
3.869458279715234927e-01 1.603099085959443504e-01 2.517668878416370326e-01 9.975000176278590036e-01 3.613064751385256512e-01 2.604044980945012799e-01 3.221774552622153620e-01 2.145114877379885043e-01 1.943086784714540549e-01 1.532629678169220300e-01 1.508806192616591879e-01 2.244042659965160280e-01 2.899095620959150632e-01 4.578028884904100648e-01 1.013707383915889854e-01 2.927736770373485786e-01 2.962085679611160538e-01 2.950243519913713919e-01 1.112290901807574950e-01 2.538274647168999865e-01 1.650021365113432392e-01 1.108969389056593258e-01 2.315580091356096715e-01 3.044168158750593101e-01 2.851919018327009892e-01 1.925464042994375069e-01 1.997345226762074488e-01 1.752842238783627882e-01 2.865350458351280105e-01 3.856000668826857214e-01 2.229462453674659062e-01 3.698078733773868532e-01 2.005263966183375435e-01 2.959633932952026036e-01 2.319668420597472691e-01 3.212932615535807335e-01 2.740403405848604868e-01 2.842908806950189549e-01 1.343131316121079222e-01 3.173436724968561884e-01 1.260707034990071196e-01 3.061876872265369975e-01 2.643278678478001575e-01 2.388474604964827830e-01 1.990662572532850283e-01 2.287885508564925785e-01 2.775239192920699871e-01 3.063875347965072660e-01 2.301522443648869598e-01 1.474441372270260953e-01 2.136569716119103290e-01 9.873453807212942412e-02 3.939479299349453734e-01 2.585343432852728052e-01 3.032970237734685104e-01 2.826726059743293606e-01 2.905348441074395716e-01 1.283460399074911606e-01 4.005321873957746193e-01 2.664822312832031415e-01 1.656844386508649902e-01 3.567737531546846252e-01 2.172061744040534315e-01 2.718483530484966937e-01
2.636925375627794388e-01 2.758490921690219255e-01 2.804688718650302781e-01 3.613064751385256512e-01 9.975000984101516366e-01 2.259356214743025171e-01 3.108252828792640310e-01 2.036301272126826434e-01 1.942768697182262194e-01 1.714046120274112239e-01 1.531266587717388383e-01 2.464491813400316866e-01 3.243346732325264048e-01 5.065789207784822112e-01 1.131949243021723173e-01 3.685078933646980248e-01 2.779733650917101118e-01 3.243550949338934730e-01 1.022530455962937096e-01 2.942086202860665356e-01 1.964681352258336733e-01 1.105957756693363159e-01 2.138983295223741421e-01 3.601576899842203749e-01 2.686826998467340966e-01 1.971849369258195095e-01 2.499484443552560664e-01 1.795265591252042103e-01 3.269082799202347456e-01 2.314534512690631651e-01 2.550131259779960802e-01 4.057759075695888118e-01 2.159297888230967133e-01 2.988717562798238747e-01 2.790626487568876324e-01 3.742077740030611555e-01 2.881559604928064511e-01 3.284938423036469213e-01 1.308475591114625636e-01 2.998648999064570386e-01 1.547078396759790364e-01 3.303686922771285617e-01 2.961846993243784087e-01 2.693386389230608691e-01 1.768013893299397177e-01 2.531528172479851069e-01 2.487651050747181070e-01 3.402288015080478512e-01 2.428096872098529646e-01 1.593616816435198258e-01 2.293042437505055930e-01 1.001852715057448412e-01 2.240982371683939989e-01 2.966295110311173433e-01 4.057070889240249612e-01 4.141574987715581635e-01 3.191080906758019253e-01 1.322890438839220972e-01 3.006375150967968146e-01 2.962935205917132109e-01 1.405191350175709064e-01 2.838366516019524277e-01 2.401550800494392235e-01 2.287296755825190819e-01
2.893215909454885382e-01 1.174714378704536100e-01 2.339904519735188648e-01 2.604044980945012799e-01 2.259356214743025171e-01 9.975001571870018013e-01 3.359328069651894566e-01 3.283386777722949179e-01 1.658416080540732473e-01 1.593088521235619670e-01 1.201680012426063204e-01 2.495445457540207135e-01 2.775937908214078931e-01 2.746924031639801367e-01 9.011858125563620980e-02 2.645285172562875653e-01 4.919132573039429746e-01 2.737582449807891560e-01 3.220774376039138298e-01 2.565622095326806074e-01 1.143183528106403585e-01 1.318037587503495256e-01 2.056088733336727259e-01 3.087906276604004963e-01 4.762080191731965506e-01 2.211316688864214119e-01 1.870308782586746488e-01 1.979379905293620623e-01 2.565533325111017948e-01 3.435065257083638190e-01 2.445358033420154120e-01 2.221744763053829508e-01 2.250444349102828090e-01 3.788963438493391789e-01 1.981039820275740104e-01 2.570001573160451969e-01 3.222545917500296286e-01 2.610575553785720593e-01 1.109555416118258864e-01 4.007497217240865162e-01 1.278594752722004013e-01 3.480597351832191988e-01 2.674001798481810965e-01 2.395580671843722531e-01 4.058343111859367691e-01 2.076437987973329125e-01 4.448259535721856284e-01 2.779407445691156608e-01 2.221045030163133482e-01 1.691544056524018902e-01 2.095050765187534414e-01 7.949747782283300701e-02 2.519459449882038848e-01 2.049853702624109819e-01 2.672845015846574412e-01 2.430465119172475208e-01 2.829469936458074986e-01 1.232099528700895397e-01 2.240486367403957402e-01 2.795667130192229233e-01 1.570264040796184868e-01 3.255147245058838124e-01 2.354558604940154010e-01 4.055062563608017867e-01
3.667474518007052264e-01 1.657752751158070026e-01 2.991344216894912811e-01 3.221774552622153620e-01 3.108252828792640310e-01 3.359328069651894566e-01 9.974993989006697426e-01 3.438622643887357944e-01 2.025697146623743894e-01 1.969617895244321071e-01 1.556633056795825587e-01 3.125042474557104821e-01 3.542828670529633017e-01 4.096896402707709273e-01 9.864974691487865543e-02 3.408391624862953107e-01 4.081665505443855535e-01 3.778562171405221992e-01 1.498251531256004632e-01 3.537567223030395058e-01 1.482851992276807696e-01 1.250470152531594770e-01 2.350660917864275667e-01 4.010071644942533875e-01 3.976194990604067780e-01 2.402849738321337358e-01 2.638820515360265073e-01 2.249014120903652103e-01 3.337171332980368166e-01 2.961932897773917883e-01 2.951860944439291812e-01 3.180524556680601744e-01 2.763226652947354256e-01 4.145342372552694998e-01 2.703126815432565500e-01 3.390972586027191094e-01 3.596403897429516494e-01 3.207437620485509844e-01 1.394897725884060302e-01 4.039672891733245841e-01 1.608452374181781885e-01 4.693425272982966190e-01 3.435409681295257811e-01 2.906709178750528366e-01 2.551394497777169090e-01 2.647075139904489505e-01 3.659564570691156704e-01 3.760643203098579246e-01 2.634323334238564684e-01 2.094343710852380747e-01 2.453423422427949696e-01 1.100227204739128439e-01 2.941965588843532542e-01 3.060492862585453833e-01 3.570602772743958764e-01 3.165579271061694233e-01 3.642946752282781309e-01 1.465785905338651829e-01 3.061746820261963542e-01 3.537266266018481153e-01 2.502117309016620994e-01 4.849317075735989357e-01 2.848478810063286848e-01 3.202147864827270540e-01
2.320317570243113359e-01 1.317676010372361151e-01 2.088307036921995263e-01 2.145114877379885043e-01 2.036301272126826434e-01 3.283386777722949179e-01 3.438622643887357944e-01 9.975000726803580076e-01 1.728648423757285779e-01 6.820210170813213735e-02 9.949856089174946572e-02 2.272343821989400992e-01 2.104557251988275757e-01 2.452724729383469748e-01 1.035316320883275937e-01 2.394069894691830402e-01 2.805836610487154603e-01 2.107090055063594591e-01 1.597264138330630190e-01 2.692448966990382275e-01 1.395337198774865839e-01 6.665217073048725072e-02 1.294029120165399449e-01 3.108541049300372339e-01 2.812850901068028042e-01 1.537690554243582308e-01 1.963854064116654086e-01 2.623028597315997246e-01 2.255427363841111532e-01 2.063489065334410677e-01 3.394439127044513449e-01 1.953991840885266618e-01 2.828137587211178583e-01 2.747515267721687415e-01 2.066204996069412325e-01 1.743923225242036135e-01 2.312506148196238898e-01 2.023851049835971860e-01 4.742595335109514587e-02 2.723729442896649644e-01 1.071923698435552769e-01 3.497479902404529994e-01 2.580923863088874226e-01 1.606579354390842429e-01 2.743266457462846808e-01 1.780183948236688518e-01 2.665422276933541168e-01 2.034675702940177411e-01 1.520361809216707327e-01 1.710305922649980603e-01 1.300040349294106501e-01 7.908152134004173273e-02 2.426204570866438426e-01 2.188534844224853115e-01 2.655230514800735464e-01 2.234489898110412764e-01 2.040274096188166575e-01 8.255578603566955664e-02 1.847145033070117237e-01 3.001024353235315911e-01 2.301955027624550398e-01 2.723906590369267189e-01 1.789412807246474890e-01 2.337364127455409391e-01
2.192060571621460285e-01 2.580715928617947075e-01 2.431036358638685169e-01 1.943086784714540549e-01 1.942768697182262194e-01 1.658416080540732473e-01 2.025697146623743894e-01 1.728648423757285779e-01 9.974996833880253044e-01 -6.877654152420545342e-02 1.708274618901745867e-01 1.065451277633312904e-01 1.470572010084048309e-01 2.000636714303031805e-01 3.949108218511463431e-01 2.320255044984290138e-01 2.038178820162074023e-01 1.434937302115242286e-01 7.754376597857916276e-02 1.752928257175170312e-01 3.773908295652709799e-01 4.108122203453577759e-02 7.888894953658795450e-02 2.021875040432341564e-01 1.821420908924746562e-01 9.708171133233911565e-02 7.161230659489337125e-02 2.576907159101963773e-01 1.941722885200416471e-01 1.394352065630530269e-01 1.644163045241906762e-01 1.757066373440203388e-01 1.500152395028787333e-01 1.688257934641169966e-01 1.750130860339531857e-01 1.595687856683160322e-01 1.392948852913886149e-01 1.662892916159712242e-01 -3.793141459363126404e-03 1.862487805333317703e-01 6.291254815110342014e-02 1.928775838233890427e-01 1.641430027408286030e-01 8.224457050493083621e-02 1.275482242314226189e-01 2.478707949830155077e-01 1.764779922940664658e-01 1.448694585075800956e-01 9.746350980702768452e-02 8.929875914956897365e-02 8.616622776462426470e-02 1.550405255255365988e-01 1.553285935623430203e-01 1.459326529432435904e-01 1.748151591160341523e-01 2.040628713105686609e-01 1.199166009872872085e-01 6.871347885164419411e-02 2.467004433959393006e-01 2.079365334576678825e-01 2.449110362549199449e-01 2.391635851145771929e-01 6.563453776766896286e-02 1.827403813899302065e-01
1.509772388627763362e-01 -1.906311554225481597e-02 2.336181534542864924e-01 1.532629678169220300e-01 1.714046120274112239e-01 1.593088521235619670e-01 1.969617895244321071e-01 6.820210170813213735e-02 -6.877654152420545342e-02 9.975000059646175199e-01 1.160633072096345780e-01 2.538393919459429049e-01 4.715908599142619728e-01 2.398668704963815013e-01 -2.685809137158990945e-01 1.768178938652154586e-01 2.097064151353142114e-01 4.034327932434750297e-01 6.958109599245516919e-02 1.537212954442477575e-01 -1.930155933914116106e-01 1.902975690973679190e-01 1.937094165646958133e-01 2.260250516247551411e-01 1.964287840264918594e-01 1.853579584083107634e-01 1.734629518586753849e-01 3.819885740387095330e-02 2.545633475992370998e-01 1.579466799850756387e-01 1.440419442393804372e-01 1.883817822453370816e-01 1.311830827162015489e-01 2.771279378494873602e-01 1.410151372749293142e-01 3.791677742362229431e-01 3.504116513143361034e-01 2.249240429052828949e-01 1.503577531785380006e-01 2.688722152045194269e-01 1.614154826898528128e-01 2.314906744322446641e-01 2.094774162822407304e-01 4.842541889620117224e-01 1.461524280880723836e-01 2.133642973763051343e-01 1.670608329406965686e-01 3.733696135079532796e-01 2.309596691192099260e-01 1.254252387676456915e-01 3.315576104921457157e-01 -1.995811083006843178e-02 1.181281413834805172e-01 1.768617291533564062e-01 2.338708336173677960e-01 1.649788497750446781e-01 5.096171324850908846e-01 1.274929158855913625e-01 1.395009250817120516e-01 1.949484608832835753e-01 -1.076154206648340661e-01 1.228912678443317974e-01 3.725165191817955690e-01 1.348200411635053775e-01
1.398799895414659100e-01 8.969209807470608642e-02 2.446402037384436956e-01 1.508806192616591879e-01 1.531266587717388383e-01 1.201680012426063204e-01 1.556633056795825587e-01 9.949856089174946572e-02 1.708274618901745867e-01 1.160633072096345780e-01 9.975002094170072331e-01 1.134945615747101760e-01 2.312400684334107448e-01 1.838849801883776502e-01 6.028457957423143804e-02 1.618457014288056939e-01 1.465898225045225434e-01 1.949717119462781312e-01 5.413872156344127357e-02 1.225175206176338238e-01 8.232279030784565854e-02 7.579036367097344296e-02 1.102618393230345439e-01 1.670109342375424855e-01 1.400515036763710919e-01 9.919496793330000173e-02 9.694678664499892240e-02 8.553505210374558188e-02 1.859168401118352354e-01 1.187778587680925757e-01 1.299418530112852743e-01 1.477201138408305026e-01 9.864473852515848185e-02 1.525657523550321970e-01 1.472758048890446536e-01 2.514391798660591260e-01 1.714488385726176956e-01 1.481033775844864675e-01 6.281234169090899044e-02 1.602793171541598005e-01 6.642814157557813681e-02 1.581130723622623524e-01 1.319250474762022063e-01 1.688656683327703634e-01 9.672008629359900300e-02 3.499777630466044398e-01 1.282526167130723094e-01 1.886183255272059767e-01 1.222106369105000201e-01 5.639820662547700980e-02 1.427562957599673443e-01 5.130134493809936080e-02 1.069241541681424518e-01 1.254632533081462831e-01 1.588495315912362982e-01 1.466596954999150326e-01 1.927571212404305678e-01 7.142984972202179317e-02 2.191255527744280784e-01 1.756443210682091249e-01 7.026741609664327592e-02 1.562950135749127389e-01 1.172190852720887272e-01 1.194727419524192757e-01
2.323009172355660901e-01 1.309283746119477010e-01 2.045866073046891109e-01 2.244042659965160280e-01 2.464491813400316866e-01 2.495445457540207135e-01 3.125042474557104821e-01 2.272343821989400992e-01 1.065451277633312904e-01 2.538393919459429049e-01 1.134945615747101760e-01 9.975003097602236357e-01 3.196217640917451974e-01 3.072642727012071528e-01 -1.681426575450649386e-02 2.810844178074108357e-01 3.138706726773381472e-01 3.199789166003740304e-01 1.172314815558583301e-01 3.185042037355673705e-01 8.898963656015657087e-02 1.081550821890313457e-01 2.024816123447902572e-01 3.614341204314884815e-01 3.023724372436800145e-01 2.422209240708774192e-01 3.801515507276206907e-01 2.614686683099378128e-01 2.684562706709777702e-01 2.125825114515452752e-01 2.361509070039896074e-01 2.339310919981301695e-01 3.205946891115597497e-01 4.355374779200948399e-01 2.497696696655755388e-01 2.676295358940276592e-01 3.189068976108580533e-01 2.666863701722336222e-01 1.420709667462955461e-01 3.522398282407332992e-01 2.190781439859184609e-01 4.527110126712469707e-01 4.563015901713473599e-01 2.836341518104126269e-01 2.263028191566256175e-01 2.017988889245093675e-01 2.724986625341782598e-01 3.137980123769035234e-01 2.391334019086784612e-01 5.062947050945069138e-01 2.204758580097472276e-01 -3.459414943938136054e-03 1.987601698577104725e-01 3.350568584854238252e-01 3.565997969303195680e-01 2.703632786511545594e-01 3.736094831826470841e-01 1.176795785350258777e-01 1.878501657827592319e-01 2.528955851785459896e-01 9.821270304903385873e-02 2.406661142671263909e-01 4.532202973216726827e-01 2.339209389642285530e-01
2.803136218235219856e-01 1.396984155062266919e-01 4.552888151266524797e-01 2.899095620959150632e-01 3.243346732325264048e-01 2.775937908214078931e-01 3.542828670529633017e-01 2.104557251988275757e-01 1.470572010084048309e-01 4.715908599142619728e-01 2.312400684334107448e-01 3.196217640917451974e-01 9.974996936641770118e-01 4.083667417651241638e-01 -5.575448440562794788e-03 3.814220220960339303e-01 3.417019572804186334e-01 6.158849094217926368e-01 1.249530643116569667e-01 2.762790660620738636e-01 6.709013277843947631e-02 2.590184386851032139e-01 2.683377343335057175e-01 4.231858151434263471e-01 3.300740664134759195e-01 2.503770478540139344e-01 2.630083657134311692e-01 1.508680566075993323e-01 4.848566044773104933e-01 2.648414873423794447e-01 2.934392200653974658e-01 3.318506466986928527e-01 2.282359776901834447e-01 3.868261921622199173e-01 2.773718244521327092e-01 5.371914942384442559e-01 4.788139413722239390e-01 3.639977669015366235e-01 1.756831002643690354e-01 3.963563962886875736e-01 1.760255935298487007e-01 3.928118335141904671e-01 3.200860358580390197e-01 5.354172418891591789e-01 2.351456010106552919e-01 4.199250381393959675e-01 2.962174911712108782e-01 5.082579229861294845e-01 3.170473494616715127e-01 1.660298176157029293e-01 3.750118717060814122e-01 7.234614736675536173e-02 2.231142973937380591e-01 2.899552824628417458e-01 3.896782602841029064e-01 3.424604655572036638e-01 6.348601491797984941e-01 1.747198452424289228e-01 2.749142206865152760e-01 3.960221886735645347e-01 6.132509802617312766e-02 2.806549886148123618e-01 3.434905124626541073e-01 2.647841380665126865e-01
3.238747303232938357e-01 2.188026922604924818e-01 3.405933889976206497e-01 4.578028884904100648e-01 5.065789207784822112e-01 2.746924031639801367e-01 4.096896402707709273e-01 2.452724729383469748e-01 2.000636714303031805e-01 2.398668704963815013e-01 1.838849801883776502e-01 3.072642727012071528e-01 4.083667417651241638e-01 9.974998104000398769e-01 8.933962012753135506e-02 3.886940976974467277e-01 3.393055176468826595e-01 4.250903607612626089e-01 1.235352084722370347e-01 3.418099147398825366e-01 1.690270550370746305e-01 1.418814065613064890e-01 2.800751068488583351e-01 4.083466138842973825e-01 3.276982869971921675e-01 2.449737109183757200e-01 3.043572981019339596e-01 2.103930747276546165e-01 4.073574742926373005e-01 2.966218440176764948e-01 3.009991324160212200e-01 4.816629965534781066e-01 2.647606785663922935e-01 3.716995573419600296e-01 3.557415071944389773e-01 4.647021340340971585e-01 3.554867800866801653e-01 3.705900360048419717e-01 1.703411495806535225e-01 3.692305586079601132e-01 1.737635799985461360e-01 3.957884051318881768e-01 3.832881422303809349e-01 3.403332196527812381e-01 2.159429548194488624e-01 3.088412644694862874e-01 3.021900940323783424e-01 4.169690365478906369e-01 2.954006057150907472e-01 1.993619027672224042e-01 2.867858244534706724e-01 1.086359778830319200e-01 2.774178232302907943e-01 4.369545353367927376e-01 4.671765002240415576e-01 3.781223237263382497e-01 4.064778995265851957e-01 1.625433848472568887e-01 3.488453186456201838e-01 3.516429475087974321e-01 1.604686182327544897e-01 3.478367181330986879e-01 2.997045455005241110e-01 2.771632893801816433e-01
1.062851616055027065e-01 1.603490144575749621e-01 9.700403325010290012e-02 1.013707383915889854e-01 1.131949243021723173e-01 9.011858125563620980e-02 9.864974691487865543e-02 1.035316320883275937e-01 3.949108218511463431e-01 -2.685809137158990945e-01 6.028457957423143804e-02 -1.681426575450649386e-02 -5.575448440562794788e-03 8.933962012753135506e-02 9.974999366131337419e-01 1.690660877314739963e-01 9.614995968598336051e-02 1.099265617287247844e-02 4.031445481535541470e-02 7.510914422386183453e-02 2.835436651274635955e-01 -1.153329959457609008e-02 2.387179214553802886e-02 1.022683053482536103e-01 1.039205002364096408e-01 2.576573571287030240e-02 2.274510488178517129e-02 1.155309978722230679e-01 8.971248382449070746e-02 7.975434768866995761e-02 8.945168759050481366e-02 9.828145114360226087e-02 5.452993873093065630e-02 4.516252435123011000e-02 8.098003594332152388e-02 2.277233826727488586e-02 1.712718304001247666e-02 8.612741880613866696e-02 -1.581613068004918826e-02 6.955407072303745886e-02 -1.615147776016750275e-02 8.591164645078883111e-02 5.045596143811234557e-02 -5.325722806703373641e-02 5.159025700322112523e-02 8.681851455537469009e-02 1.080528658426596900e-01 2.494268267037291764e-02 2.693164658603531408e-02 1.208272344203096399e-02 -1.355222623332724696e-02 1.743791897527982027e-01 7.965269073919867271e-02 5.452389498030109360e-02 6.794129669208802402e-02 1.315750105117529933e-01 -3.030320211435097097e-02 3.581104987400994533e-02 1.099358035247297166e-01 1.224669196122810111e-01 2.096217726823698391e-01 1.374050613543298383e-01 -9.415994745541740596e-02 1.679378032528705544e-01
2.711696765393780684e-01 2.658142374687282317e-01 3.557231069015739378e-01 2.927736770373485786e-01 3.685078933646980248e-01 2.645285172562875653e-01 3.408391624862953107e-01 2.394069894691830402e-01 2.320255044984290138e-01 1.768178938652154586e-01 1.618457014288056939e-01 2.810844178074108357e-01 3.814220220960339303e-01 3.886940976974467277e-01 1.690660877314739963e-01 9.975003836753798536e-01 3.287601335681913928e-01 3.771128261439308238e-01 1.193617593417478362e-01 2.916443829077673966e-01 2.731066260731543904e-01 1.304418709897343376e-01 2.368036919989124911e-01 5.124886029651328778e-01 3.251761936531412100e-01 2.326515455158970347e-01 2.777109635455583536e-01 1.933609670646146139e-01 5.261120175082549810e-01 2.437588433303622404e-01 2.924359395152334451e-01 3.751243645145778682e-01 2.341727565776504649e-01 3.409942097145676199e-01 2.720024897152857335e-01 3.526794367087147664e-01 3.257127943161210459e-01 4.985249576772892710e-01 1.502910600253307971e-01 3.479553669550740636e-01 1.563282194552221838e-01 4.379905515364613811e-01 3.134107431041444625e-01 2.904174255823327444e-01 2.017981053944705450e-01 2.909448276207775574e-01 2.987221425654200679e-01 4.203761361939076791e-01 3.103683749961318461e-01 1.760630328352238705e-01 2.607341573150772085e-01 1.375999892321861373e-01 2.243392751799369034e-01 2.841745463490729651e-01 3.697427879581556831e-01 6.293633484443958981e-01 3.753983737242846952e-01 1.589590682152539347e-01 2.540657268370373201e-01 3.637244548435898950e-01 1.557997766659437178e-01 2.913676533466414420e-01 2.628694107916083600e-01 2.693710054747961991e-01
3.560032796187443394e-01 1.495467994888001195e-01 2.813282070569402826e-01 2.962085679611160538e-01 2.779733650917101118e-01 4.919132573039429746e-01 4.081665505443855535e-01 2.805836610487154603e-01 2.038178820162074023e-01 2.097064151353142114e-01 1.465898225045225434e-01 3.138706726773381472e-01 3.417019572804186334e-01 3.393055176468826595e-01 9.614995968598336051e-02 3.287601335681913928e-01 9.974993268470920826e-01 3.401299617645170414e-01 1.951910969924369188e-01 2.911086389984163247e-01 1.356822707537888584e-01 1.392185232140852325e-01 2.462428196676467451e-01 3.703036269144680537e-01 5.016298571392031613e-01 2.902468601077738408e-01 2.454861951739926440e-01 2.120768013237355754e-01 3.113588923577275125e-01 3.188193168566162972e-01 2.644712584637225472e-01 2.887777744780157252e-01 2.649834385542098047e-01 5.177159025247375368e-01 2.428202208378136273e-01 3.227013175656819888e-01 3.758999697045402599e-01 3.506668441911521272e-01 1.512605329754685979e-01 5.803488733168434832e-01 1.631562889975495534e-01 4.250119086312522665e-01 3.424199919390142344e-01 2.951927408868111891e-01 2.880300142599561131e-01 2.522861250252965148e-01 4.739826850340977948e-01 3.603551220541598155e-01 2.832815884720444322e-01 2.127724567534869660e-01 2.782251161763462655e-01 9.696623085898298244e-02 2.719670912637129345e-01 2.740464367975262161e-01 3.258438027081357879e-01 3.036447129544085355e-01 3.604336165328712038e-01 1.606658205470044565e-01 2.668874317612303648e-01 3.180305563016591064e-01 1.712407076029663910e-01 3.833466327732169554e-01 3.080016377285386131e-01 4.294839330147623979e-01
2.821742746561258786e-01 1.414546065598331348e-01 3.902976889195369781e-01 2.950243519913713919e-01 3.243550949338934730e-01 2.737582449807891560e-01 3.778562171405221992e-01 2.107090055063594591e-01 1.434937302115242286e-01 4.034327932434750297e-01 1.949717119462781312e-01 3.199789166003740304e-01 6.158849094217926368e-01 4.250903607612626089e-01 1.099265617287247844e-02 3.771128261439308238e-01 3.401299617645170414e-01 9.974997873720733432e-01 1.218665879004744018e-01 2.732237248786703598e-01 8.048490830693358355e-02 2.146035417036834259e-01 2.664443585910765133e-01 3.941500120339898050e-01 3.252566578083554427e-01 2.468966155953729869e-01 2.566551307054076858e-01 1.497424568512265020e-01 4.714117301475341804e-01 2.706905929365646113e-01 2.742513799329694413e-01 3.382828388061744906e-01 2.261957641917674566e-01 3.796147308578531887e-01 2.631342490358371533e-01 5.193903363019432007e-01 4.416037120378826786e-01 3.662536380041225281e-01 1.742030025918682723e-01 3.960559073646682249e-01 1.703077385701797786e-01 3.879165607185048881e-01 3.162318196474027676e-01 4.793851473265463015e-01 2.258985688127428948e-01 3.448357869745103388e-01 2.927120950344005434e-01 5.340864999030132676e-01 3.120808980066445137e-01 1.719049778582675825e-01 3.622915699072140061e-01 7.700588231011848417e-02 2.242783759114001796e-01 2.914612305775253764e-01 3.661981833287657473e-01 3.369884718002057467e-01 6.777207418895685453e-01 1.721567498983578304e-01 2.730949452166812619e-01 3.604714724262484404e-01 7.801455704677649761e-02 2.896202647348544157e-01 3.290226476860876326e-01 2.646088378204886071e-01
1.227805863805325193e-01 5.705599915639672504e-02 1.096637695641652643e-01 1.112290901807574950e-01 1.022530455962937096e-01 3.220774376039138298e-01 1.498251531256004632e-01 1.597264138330630190e-01 7.754376597857916276e-02 6.958109599245516919e-02 5.413872156344127357e-02 1.172314815558583301e-01 1.249530643116569667e-01 1.235352084722370347e-01 4.031445481535541470e-02 1.193617593417478362e-01 1.951910969924369188e-01 1.218665879004744018e-01 9.974997292677088012e-01 1.243275537574641404e-01 5.482907789004619337e-02 5.137571151136031966e-02 6.336211429274908602e-02 1.452057882111047471e-01 2.153475841043251959e-01 9.301459052634358793e-02 9.236708775873686550e-02 9.797303990525564610e-02 1.175025813956643850e-01 1.328125458778393608e-01 1.542181117948587810e-01 9.611162553910002071e-02 1.074708338236163851e-01 1.841775847676418165e-01 9.758643063300129206e-02 1.111662047643119933e-01 1.477316148786173566e-01 1.099017350969072049e-01 -7.441232091708502652e-03 1.710616036600868528e-01 5.809052417025251103e-02 1.587110590612721694e-01 1.287532086653904728e-01 1.077700684149109356e-01 2.096097683428702618e-01 9.601791290051385486e-02 1.810112478641508482e-01 1.200124401747105496e-01 8.185783869166082805e-02 8.145411637277170935e-02 8.846790741733660812e-02 3.131719784042388821e-02 1.104604864637859646e-01 1.013367645176142251e-01 1.301559619981415283e-01 1.101212408822077604e-01 1.248335104260891310e-01 4.199763515864915475e-02 9.611016532307337101e-02 1.421153054458083598e-01 6.901049923138316555e-02 1.349660723556505293e-01 1.051433450584272344e-01 1.645830860320512956e-01
2.438935891501418096e-01 1.722068447237453115e-01 2.345707015188650546e-01 2.538274647168999865e-01 2.942086202860665356e-01 2.565622095326806074e-01 3.537567223030395058e-01 2.692448966990382275e-01 1.752928257175170312e-01 1.537212954442477575e-01 1.225175206176338238e-01 3.185042037355673705e-01 2.762790660620738636e-01 3.418099147398825366e-01 7.510914422386183453e-02 2.916443829077673966e-01 2.911086389984163247e-01 2.732237248786703598e-01 1.243275537574641404e-01 9.974997374239747971e-01 1.566588840825892393e-01 2.439698193720962749e-02 1.806263309399276651e-01 3.949678041598038702e-01 2.844198893640418335e-01 1.967758235618267404e-01 2.829546622740196082e-01 3.481447570039302719e-01 2.731082458298392246e-01 2.275061074870018407e-01 2.888825959955422795e-01 2.440440069126359190e-01 4.363439696483601415e-01 3.352272391655554129e-01 2.917600360328724829e-01 2.570874018096667712e-01 2.862929250663261427e-01 2.512768124993017826e-01 1.082568177933579678e-01 3.115524191277382893e-01 2.063509101708282112e-01 3.747066250357983241e-01 3.813628185860671316e-01 2.355925970116442836e-01 2.816209007579973944e-01 2.171379530960527160e-01 2.659174133246236527e-01 2.626584386212984512e-01 2.039994707449143685e-01 2.391287049426190359e-01 1.797534960746970389e-01 5.285606100082917980e-02 2.435939310924845891e-01 3.555395269408443970e-01 4.161892544284018225e-01 2.829406462228249430e-01 2.731515424181704677e-01 1.067092093396903307e-01 2.176890398101602175e-01 2.843198667113284173e-01 1.421322297023225323e-01 2.667012880384047602e-01 2.727341463873915739e-01 2.351881275648586567e-01
1.388259775315955902e-01 4.619827078615900140e-01 1.384767774595887235e-01 1.650021365113432392e-01 1.964681352258336733e-01 1.143183528106403585e-01 1.482851992276807696e-01 1.395337198774865839e-01 3.773908295652709799e-01 -1.930155933914116106e-01 8.232279030784565854e-02 8.898963656015657087e-02 6.709013277843947631e-02 1.690270550370746305e-01 2.835436651274635955e-01 2.731066260731543904e-01 1.356822707537888584e-01 8.048490830693358355e-02 5.482907789004619337e-02 1.566588840825892393e-01 9.974999711803802516e-01 8.681686004209007365e-03 6.245536748564742974e-02 1.879086786238651219e-01 1.309753592880328055e-01 7.302087876199675476e-02 9.948890062522497413e-02 2.135881810771763090e-01 1.587865068777948030e-01 8.654644145505478725e-02 1.419926430136922435e-01 1.501206130841763742e-01 1.269213305076788978e-01 1.206670062795909132e-01 1.647263442824370427e-01 8.781279675938795382e-02 8.109227239440454371e-02 1.554452969909771443e-01 1.725441005377194650e-02 1.246381418777529476e-01 6.519531284719967679e-02 1.640693126222324549e-01 1.430602864373767547e-01 1.651992873537340423e-02 9.036098120913078902e-02 1.298827420188304327e-01 1.271888768493308897e-01 9.454043431131066433e-02 8.021323659159940167e-02 8.471937573479508543e-02 3.782789389755569776e-02 1.056675023406651731e-01 1.164534528045831629e-01 1.323683642605771316e-01 1.637748046568656968e-01 2.507727432789352839e-01 4.711042359043535188e-02 4.809305131939361350e-02 1.449229617426515682e-01 1.526593571545159234e-01 1.685922863624094714e-01 1.587201429371337957e-01 3.904337687686139369e-02 1.268454511280907582e-01
1.447656657237164357e-01 3.842884557242796234e-02 1.517003459876146154e-01 1.108969389056593258e-01 1.105957756693363159e-01 1.318037587503495256e-01 1.250470152531594770e-01 6.665217073048725072e-02 4.108122203453577759e-02 1.902975690973679190e-01 7.579036367097344296e-02 1.081550821890313457e-01 2.590184386851032139e-01 1.418814065613064890e-01 -1.153329959457609008e-02 1.304418709897343376e-01 1.392185232140852325e-01 2.146035417036834259e-01 5.137571151136031966e-02 2.439698193720962749e-02 8.681686004209007365e-03 9.974998916206775368e-01 1.058520579429453184e-01 1.318112410316662486e-01 1.281965365292295767e-01 9.729082282354481470e-02 8.192909396915262765e-02 1.182757672677895236e-02 1.555969583155707436e-01 1.034891588598406686e-01 9.076404717179339943e-02 1.258871261997075719e-01 5.483680082100755859e-02 1.439190604788813388e-01 8.366145178098526036e-02 2.093816489690719929e-01 1.636720631339606269e-01 1.406704813357899098e-01 7.269087088136011454e-02 1.708467176585135028e-01 4.768037013735071383e-02 1.327203959939312339e-01 9.849628467798325626e-02 1.867539607850535743e-01 8.000472293698221438e-02 1.330738734326610828e-01 1.148620613747874525e-01 2.266487962478068441e-01 1.237114525418065714e-01 4.798799417320168820e-02 2.427076507688121221e-01 2.999733289801825159e-02 8.633028617158133855e-02 8.678007655306807511e-02 1.175966942892235079e-01 1.161845601457045102e-01 2.583046026345804380e-01 8.706732761273730525e-02 1.042081560560510767e-01 1.278699093429490619e-01 8.004327534527795607e-03 1.127216944214461530e-01 1.236034582869735138e-01 1.057855642430649556e-01
2.067740128553175738e-01 8.470259246805840470e-02 2.010574565849307938e-01 2.315580091356096715e-01 2.138983295223741421e-01 2.056088733336727259e-01 2.350660917864275667e-01 1.294029120165399449e-01 7.888894953658795450e-02 1.937094165646958133e-01 1.102618393230345439e-01 2.024816123447902572e-01 2.683377343335057175e-01 2.800751068488583351e-01 2.387179214553802886e-02 2.368036919989124911e-01 2.462428196676467451e-01 2.664443585910765133e-01 6.336211429274908602e-02 1.806263309399276651e-01 6.245536748564742974e-02 1.058520579429453184e-01 9.974996884390351370e-01 2.360943334419240702e-01 2.411203062565294153e-01 3.209530423074711258e-01 1.646676064127818306e-01 9.809682271911793205e-02 2.287721536686191381e-01 3.461739318488795680e-01 1.578385246237932193e-01 2.308938588157480598e-01 1.446217225054190481e-01 2.717059994592813665e-01 1.647516550447916672e-01 3.192635924244572321e-01 2.841671834124966933e-01 3.110129641048286486e-01 5.221767700375169463e-01 2.598650047221063852e-01 1.341302498105448049e-01 2.430612614550171635e-01 2.184955708941166419e-01 2.450228944747128712e-01 1.613486497774814510e-01 1.848584274040889208e-01 2.129877623130131403e-01 2.970755282435907363e-01 4.913695392389529348e-01 1.228882697755612069e-01 2.226679988830969070e-01 9.078276040739338693e-02 1.687630205005239414e-01 1.894925243507389889e-01 2.277175737990058124e-01 2.213684079039775765e-01 2.775964141045607070e-01 2.387993907693804485e-01 1.936738497608689602e-01 1.910136878807286720e-01 8.526754688813603655e-02 2.381017838804188602e-01 2.604098727838167759e-01 2.181620394174352828e-01
2.970282821928321160e-01 2.101504211587947313e-01 3.641798988341079513e-01 3.044168158750593101e-01 3.601576899842203749e-01 3.087906276604004963e-01 4.010071644942533875e-01 3.108541049300372339e-01 2.021875040432341564e-01 2.260250516247551411e-01 1.670109342375424855e-01 3.614341204314884815e-01 4.231858151434263471e-01 4.083466138842973825e-01 1.022683053482536103e-01 5.124886029651328778e-01 3.703036269144680537e-01 3.941500120339898050e-01 1.452057882111047471e-01 3.949678041598038702e-01 1.879086786238651219e-01 1.318112410316662486e-01 2.360943334419240702e-01 9.975000248553033133e-01 3.711210133672380729e-01 2.467955427607825825e-01 3.561883705415506141e-01 2.429984483885314073e-01 4.571342222877358141e-01 2.685009578069719183e-01 3.897130159665702642e-01 3.411215237425772040e-01 3.109592909098479740e-01 4.004482039511171321e-01 3.174530143602295462e-01 3.622809782165290482e-01 3.682223000806207347e-01 3.844159705679534578e-01 1.442214126614514980e-01 3.984062629982569881e-01 1.807444848428253481e-01 6.160714168430486692e-01 3.898846175817232140e-01 3.263369993911401368e-01 2.491243427668807797e-01 3.052379001814237713e-01 3.636605517163117862e-01 3.908624421544418248e-01 2.851498656840651957e-01 2.340665848419603845e-01 2.680195595233223482e-01 9.749357383442769365e-02 2.622284653935219589e-01 3.421690268992418904e-01 4.842777019101222047e-01 5.004503529063852874e-01 3.955942034673189944e-01 1.515728602875849595e-01 2.626532710056759257e-01 4.447427059103100100e-01 1.604797962342974504e-01 3.176363444870843322e-01 3.124972607762238619e-01 3.031498356924838267e-01
