9.974875417882493878e-01 -1.209544135920561092e-01 -7.601879792475108033e-02 5.389257244117857670e-01 4.405334267999137521e-01 -3.498585494339226942e-01 1.953106591471220899e-01 9.569233164729289143e-03 1.086167059276374469e-01 -8.857737745449602296e-02 1.192668609108453043e-01 -1.360759001085974362e-01 -1.197012222600709191e-01 6.082162477524923894e-01 2.675417756794008506e-01 -2.983200723463687587e-01 -1.542656221589922827e-01 2.758340117916168732e-01 -1.281470659334744411e-01 3.463271450229122445e-02 9.695966879231919522e-02 1.352475218974709056e-02 3.725634154322485930e-02 -3.123837765383742915e-01 1.138996786284465351e-01 -3.944280499719489130e-01 -1.984048345716877271e-01 -5.665621954019392503e-02 -2.642275512243162927e-01 5.824645194635953427e-01 -6.049126868375835631e-02 4.436495463839845721e-01 -1.780737264044330304e-01 -1.143405899505910983e-01 6.433444159251230920e-02 4.335093908753060998e-01 -4.032124268024633862e-01 -3.027368421987607916e-01 4.807180941226735227e-01 -1.961373577386142375e-01 -9.469884821553928300e-02 -2.175580516033736589e-01 -1.101686618445633647e-01 -1.177746950694966710e-01 -1.388323179744523246e-02 -3.186481097983911992e-01 -5.086834281907582495e-03 -7.673112716844875114e-02 -2.341928856833426220e-01 -1.531609152613092883e-01 2.599448661031373287e-01 1.255362656561220813e-01 6.142531354576654667e-01 2.198107108733812765e-01 -2.721097114213849033e-01 -2.821159974436870943e-01 -8.609442951131188182e-02 -3.465419080898071158e-01 5.047015543493615919e-01 -3.614714493912478399e-02 1.760501921888943389e-01 3.552473180872896541e-01 -1.726403111027175752e-01 2.244216618200717273e-01
-1.209544135920561092e-01 9.974873169021962749e-01 3.342069961018730162e-02 -1.192799401380813529e-01 -8.394979215379259896e-02 1.271465278360313922e-01 -3.318615850911083021e-02 2.751152211543704193e-02 -2.802926135382021247e-02 3.638652506350997795e-02 -3.440435256979067213e-02 1.216291440970630744e-02 7.528594121868888156e-02 -1.386573798180912309e-01 -3.330981799727411596e-02 6.990143516567359772e-02 6.122178578577478630e-02 -4.044616016656699814e-02 7.076944587657520158e-02 4.146551197387172982e-02 -1.075928719877064163e-02 -1.126943563951689625e-01 -2.620369961428296868e-02 8.185992552136137079e-02 -1.039752254699438314e-02 1.136731933915406945e-01 2.401496286364568702e-02 2.733626116929506120e-02 7.342994770543495586e-02 -1.060819585536802445e-01 2.443947586849162107e-02 -1.440340330641938227e-01 4.882864358141528888e-02 4.423335793539798916e-02 -1.104462260825426860e-02 -1.251522321104906743e-01 1.927898940403514338e-01 5.464211741431495434e-02 -1.184798460962813160e-01 6.110180182875236954e-02 3.214357452039060675e-02 5.187441651223428235e-02 -2.408090915443672139e-03 4.225841581536285418e-02 3.890780215344320780e-02 7.984734680069258128e-02 1.132902848886552065e-02 -2.808147830267674477e-04 4.685119266709383140e-02 3.017921406690508845e-02 -9.537781802438943801e-02 -6.294212485085014241e-02 -1.094618998797643045e-01 -1.246776200989496708e-01 7.655387009690925448e-02 6.431392407704308867e-02 3.530714472460146861e-03 1.144226937445073367e-01 -1.207129132912826835e-01 3.191971143454916393e-02 -1.216199416786081233e-01 -1.064323616434704189e-01 3.649447440792869674e-02 -2.612164212250210962e-02
-7.601879792475108033e-02 3.342069961018730162e-02 9.974871542356824605e-01 -8.288557298988272204e-02 -1.211641695938732921e-03 2.018015606010026830e-01 1.156567657240292341e-01 1.779826758257323227e-01 6.443316074061100629e-02 1.856213937257342184e-01 -1.704880937425224882e-02 1.816753208621128268e-01 4.028858068455873909e-01 -8.756704047673084801e-02 5.747278486746518200e-02 2.339664675001970895e-01 1.873595448998018054e-01 1.667501016122722723e-01 2.032225284544942334e-01 2.061929982195270239e-01 1.313387935043608401e-01 1.211765060872145583e-02 7.025587632559315843e-02 3.038654688323259023e-01 6.031522564285836385e-02 1.917866383829165411e-01 1.385741521351484817e-01 1.660362894550349022e-01 3.379871125062737791e-01 -5.892116184735288892e-02 5.147683394724764661e-01 -1.118862076360862268e-01 2.303774335257866013e-01 2.626563970972550788e-01 3.742007990139201157e-01 -1.138923302531473503e-01 1.608250899052469374e-01 1.429333244154252225e-01 -8.880282477079154413e-02 1.988408316306296553e-01 1.296249608550465171e-01 2.366605945714706782e-01 2.516406546637434127e-01 1.815454588102421996e-01 1.453439400986522578e-01 1.817930420912252376e-01 1.969935415630200415e-01 1.542512635735577564e-01 1.634586367871203039e-01 1.847552581408677397e-01 1.618838583638792378e-02 -1.459941085103372803e-02 -2.153437247169613308e-02 4.895123448572261116e-02 3.242376552791610411e-01 2.080343222428628625e-01 1.240125306192701171e-01 1.719316010003386075e-01 -1.057426846773662360e-01 5.652958757814439128e-01 2.079645170651432326e-02 -5.027783427230927277e-02 2.164127873855296591e-01 4.291664756758888088e-02
5.389257244117857670e-01 -1.192799401380813529e-01 -8.288557298988272204e-02 9.974878988634074961e-01 5.555862383838691132e-01 -4.145996003311500644e-01 1.681170641544690036e-01 -3.805944130824021054e-02 5.276690602479536946e-02 -1.086946341366793328e-01 9.757501501237736408e-02 -1.627090251477733007e-01 -1.027476478040713626e-01 7.091446961918737024e-01 1.520399241972794080e-01 -3.322260570454088069e-01 -2.167622100706627641e-01 2.862212906694602266e-01 -1.728051557649838976e-01 8.106733825794706916e-02 5.076760117436336650e-02 3.772904565556498002e-04 2.094358950630537466e-02 -3.144784784895915952e-01 5.243710947305747772e-02 -4.219677241258045219e-01 -2.467480907483962094e-01 -8.980015679724603905e-02 -2.731883391971412500e-01 5.606486874317162528e-01 -7.384414677336192945e-02 4.232694358080483221e-01 -2.165478432569716005e-01 -1.576123150502732884e-01 4.152702459591433443e-02 4.177110171457341092e-01 -4.184236071094927234e-01 -3.544831451669053224e-01 5.744046338383894668e-01 -2.510991490606536702e-01 -1.117137681639213953e-01 -2.403057475891053341e-01 -1.365748062377174499e-01 -1.453024321521878826e-01 -3.000762943018652276e-02 -3.401742561186346658e-01 -5.289522088083929707e-02 -1.392827357607268612e-01 -2.841080591873740291e-01 -1.790317005680231721e-01 1.626347337349400846e-01 9.475389910424991680e-02 5.679879605459442482e-01 2.232600371963671393e-01 -2.161567342198030262e-01 -3.211469156364251676e-01 -1.378379316101721874e-01 -4.468363730728716066e-01 6.367135993381897174e-01 -4.058004285646568676e-02 1.853687383305721026e-01 3.885413670667836605e-01 -1.972388027140934419e-01 1.156299089128619700e-01
4.405334267999137521e-01 -8.394979215379259896e-02 -1.211641695938732921e-03 5.555862383838691132e-01 9.974870963148492198e-01 -2.951093906234548148e-01 1.855144731330001240e-01 1.639294192963542188e-02 3.614560985086921752e-02 -6.008562418259867643e-02 6.989243586372921591e-02 -1.277469602379233682e-01 2.092422887311363305e-02 5.548503715780919165e-01 1.369733497187761162e-01 -2.972249909837007542e-01 -1.542040818368834443e-01 4.356990538630227672e-01 -9.303100005363953984e-02 2.805916650636581244e-01 6.144927833308548581e-02 -4.769960124912674126e-02 5.494705475769154357e-02 -2.283067017005101229e-01 5.530659973296857962e-02 -2.993636115956203048e-01 -2.556196254481144514e-01 -4.738175677911204975e-02 -1.984401801192508252e-01 4.941240887820827488e-01 6.242623383992155009e-03 3.144393865377657082e-01 -1.584410638849302888e-01 -8.689471330132085558e-02 1.035019198086505193e-01 3.407131863479698763e-01 -3.009618521042415340e-01 -4.116960818385283494e-01 4.337454283964060076e-01 -2.039562064183005341e-01 -7.388520915638563391e-02 -1.826880012307850465e-01 -7.690389111141189560e-02 -9.865807122579796362e-02 3.897758560647603121e-02 -2.885418074802864052e-01 -1.673770974785770971e-02 -9.412982373491760035e-02 -3.055088590284883443e-01 -1.389163476404292885e-01 1.245838503929632135e-01 1.827660450378507107e-02 5.168001585028919598e-01 2.322715828184814257e-01 -1.002821394204858885e-01 -2.908931436638932388e-01 -1.458079456467064050e-01 -3.031514290413396817e-01 4.764890859054398686e-01 5.426517228305875046e-02 1.418483883945301782e-01 2.976291558105149671e-01 -1.435422156196602128e-01 1.032344338676833562e-01
-3.498585494339226942e-01 1.271465278360313922e-01 2.018015606010026830e-01 -4.145996003311500644e-01 -2.951093906234548148e-01 9.974866970991622672e-01 7.857379971315581191e-02 3.006047534709136437e-01 5.980918327600252132e-02 2.259184882380059767e-01 -7.288017731109804054e-02 2.715328026452276111e-01 2.141785223658144166e-01 -4.716096073761746887e-01 5.257607397938982019e-02 3.646997825792899217e-01 5.291262015064358559e-01 -8.040130268708883809e-02 4.723457356637783544e-01 7.577327126784419442e-02 1.076870799222145181e-01 -3.975830959622436017e-02 5.346277931951733814e-02 3.537461064798123611e-01 7.444336630178498282e-02 4.949418678686476336e-01 2.376937511933447655e-01 2.525916693444519856e-01 3.113646138865184820e-01 -3.206539841004444891e-01 2.259175755072076464e-01 -4.138973966598337162e-01 3.946982139503009690e-01 4.209449754788591180e-01 1.361693097781576933e-01 -4.195234101222828915e-01 5.628108417714484668e-01 3.209692372447826569e-01 -3.393502640498720080e-01 4.869752717255709795e-01 2.113643925206591945e-01 3.367966016874329171e-01 2.868211390536192229e-01 2.734601199875376643e-01 2.259274072245850973e-01 3.123223162320784008e-01 2.351516704571827709e-01 1.950610417989222800e-01 3.213089973162003288e-01 2.889253983385563496e-01 -6.732724450613424005e-02 -3.332846591355366483e-02 -3.302657499795724205e-01 -1.220061265734377065e-01 2.669048248752188268e-01 3.328360876975499094e-01 1.712015275150803872e-01 5.601656169730414581e-01 -4.194831369351528783e-01 1.881749797847354078e-01 -5.835296779336945211e-02 -2.213853760870344300e-01 3.271881268139325560e-01 1.646613093803514852e-02
1.953106591471220899e-01 -3.318615850911083021e-02 1.156567657240292341e-01 1.681170641544690036e-01 1.855144731330001240e-01 7.857379971315581191e-02 9.974876173740162555e-01 4.782753770271681582e-01 1.483914775886375215e-01 1.274023876748821560e-01 4.943244348134465116e-02 1.238419788229890711e-01 9.973887755721631831e-02 1.638628166261668073e-01 2.725787650885560520e-01 1.232474953184433016e-02 1.603637489083568068e-01 2.534440872074444906e-01 3.070580521752801495e-01 1.465610207309982482e-01 2.666531330442565295e-01 -3.817789402746479821e-02 7.262343619526009930e-02 1.948715033478222447e-02 1.947546631691278451e-01 4.865033726344794585e-03 -2.776504359013091255e-02 2.113915807453721207e-01 1.653685782085875453e-02 2.737157002531065975e-01 1.549042233587652473e-01 8.019159013193186136e-02 1.666484686060508702e-01 3.051780858181456502e-01 1.910076491949396771e-01 8.210934791274987488e-02 -3.221091850232012110e-03 -4.468292958378454471e-02 2.404279747085094343e-01 1.306330179888080534e-01 1.293891556284227362e-01 8.743680180660250156e-02 1.575917942702025620e-01 1.399240312237848838e-01 3.196440954379989874e-01 -4.574584984203718119e-02 2.051688232314326510e-01 4.757614883962098945e-02 1.796302434534612774e-02 1.185487280819642053e-01 1.619325750000759900e-01 1.059189313110744657e-01 2.159375487647273439e-01 1.411532603368464422e-01 2.978867919627617433e-02 -1.102140401593265130e-02 3.540610533286513845e-02 3.695596638117332189e-03 1.587933724953375370e-01 1.465998076419240681e-01 2.238774014296216475e-01 2.360662547585651305e-01 1.392022527427596024e-01 1.712765383295607458e-01
9.569233164729289143e-03 2.751152211543704193e-02 1.779826758257323227e-01 -3.805944130824021054e-02 1.639294192963542188e-02 3.006047534709136437e-01 4.782753770271681582e-01 9.974875193535154283e-01 1.497412850203801715e-01 2.227148030127104605e-01 1.107906476764667844e-02 2.322580306384277871e-01 1.756127317783110209e-01 -5.483364813001422033e-02 3.005310244944339182e-01 1.760055848924805266e-01 3.167907883277856218e-01 1.333472794435956177e-01 6.115529396492321856e-01 1.632125472850600723e-01 2.741844290732339262e-01 -8.400861181574559300e-02 6.140880501372326938e-02 1.757485662168169482e-01 2.575977248330573177e-01 1.925486770391940383e-01 7.164148919227797396e-02 3.465135199058750892e-01 1.509998281199368686e-01 4.310972395325475548e-02 2.222800438530717626e-01 -9.698545584860668312e-02 3.200390346680681564e-01 4.344122341254813557e-01 2.168356554450535101e-01 -9.788596620798142856e-02 1.918593796919056127e-01 1.079941399466763929e-01 1.278896826293396058e-02 2.965467159114291151e-01 2.319277818131277868e-01 2.257192223653878005e-01 2.396586650001522600e-01 2.665721264868312623e-01 4.598750934812916857e-01 1.121295571085067500e-01 3.166149315807116893e-01 9.425842275230035539e-02 1.556406178370637883e-01 2.383320781452110126e-01 8.800973623495274289e-02 6.667744277295262201e-02 2.244731027180198527e-02 3.270736622527188608e-02 1.415306486005552256e-01 1.413948564909773553e-01 9.987466875527648003e-02 1.803400591766455840e-01 -5.184876092446027290e-02 1.924712617472759957e-01 1.101788826836173629e-01 6.308649183493827972e-02 2.676424329389061607e-01 1.829320640995575620e-01
1.086167059276374469e-01 -2.802926135382021247e-02 6.443316074061100629e-02 5.276690602479536946e-02 3.614560985086921752e-02 5.980918327600252132e-02 1.483914775886375215e-01 1.497412850203801715e-01 9.974873367623791065e-01 8.332592696613592975e-02 2.298703855198164780e-01 5.949766995286063370e-02 2.582598587019994604e-02 6.544690394415171586e-02 2.572564917640460802e-01 7.970689422357915555e-02 1.643695270121398877e-01 6.541123628145710522e-02 1.163842301222745151e-01 9.715515721858677956e-03 3.706760196587143286e-01 2.311416969559883239e-02 3.340011534672979870e-02 3.774384870770718103e-02 1.631211958756513258e-01 -3.840144475267710800e-04 1.230859122781231690e-01 1.015202332981082756e-01 3.787614359630423616e-02 7.427892984866174553e-02 7.889921559838655729e-02 1.241484400752086020e-01 1.141837561720534244e-01 1.240687105501354776e-01 9.032078614368038716e-02 8.955057640244315498e-02 -1.083414214133101260e-02 8.879288287476461150e-02 7.163545840030513534e-02 1.838572170605653477e-01 7.510579337488216926e-03 6.696185042338533011e-02 7.489177928749031488e-02 8.153605602406997777e-02 4.652536775384051582e-02 2.451851182555395484e-02 1.670293450575025540e-01 1.022593748836198857e-01 1.299738092105621190e-01 4.661365591089047800e-02 2.241848195369363084e-01 1.971967093087137191e-01 7.714307798947811490e-02 6.884810387454888547e-02 -7.987067611745557461e-03 9.199690335021790122e-02 2.229850526162599489e-01 2.871744212670234581e-02 5.067319805625446899e-02 8.132893597949028552e-02 9.229593386192291860e-02 1.161099002516940981e-01 2.445495128976806973e-02 1.831936460653191268e-01
-8.857737745449602296e-02 3.638652506350997795e-02 1.856213937257342184e-01 -1.086946341366793328e-01 -6.008562418259867643e-02 2.259184882380059767e-01 1.274023876748821560e-01 2.227148030127104605e-01 8.332592696613592975e-02 9.974878276764561624e-01 6.509809462174490080e-02 2.267323258642737205e-01 2.915614057754433164e-01 -1.187895121713357927e-01 7.947863170727062498e-02 2.409029528860358871e-01 2.298485893113608458e-01 5.378160798600827019e-02 2.767043910564784825e-01 1.311456705381345011e-01 1.168456609723342865e-01 -2.184165075197512518e-02 2.385090565899482609e-02 2.456253310053156669e-01 7.489652224495153832e-02 1.733456872182380371e-01 1.566949344107170239e-01 2.697467247542938984e-01 2.083422931994129423e-01 -8.440995015406839441e-02 1.957712467329667527e-01 -1.122963918033371700e-01 2.634353906605797491e-01 3.328102290434120647e-01 1.533155859051868741e-01 -1.225204097070256432e-01 1.667095337000569777e-01 1.758940090807241119e-01 -1.002099651544201275e-01 2.377021969652306499e-01 1.816212758572202379e-01 2.539892583204014231e-01 2.081270833473792270e-01 5.632442084857975928e-01 2.029070825404036826e-01 1.942442326248435824e-01 2.046200626310641368e-01 9.994797515162567869e-02 1.983522245195150635e-01 2.355500382327800901e-01 2.214786125311829154e-02 1.998044391972737810e-02 -6.766631685125273910e-02 -2.205804920368057559e-02 2.022550083948705946e-01 2.132807248979331216e-01 1.722116614833504311e-01 1.661839675388147031e-01 -1.188060277616470456e-01 1.930563590110205008e-01 2.430992368113417401e-02 -4.875960270970059601e-02 2.742147845111815307e-01 5.261118255708285840e-02
1.192668609108453043e-01 -3.440435256979067213e-02 -1.704880937425224882e-02 9.757501501237736408e-02 6.989243586372921591e-02 -7.288017731109804054e-02 4.943244348134465116e-02 1.107906476764667844e-02 2.298703855198164780e-01 6.509809462174490080e-02 9.974875049883388245e-01 -4.929237786401051424e-02 -3.568254496563611627e-02 1.147631590077408947e-01 8.381328175321312024e-02 -3.746781931426543949e-02 -8.748318265402106261e-03 4.096603096522046655e-02 -2.031617274630491757e-02 -2.283759142078008869e-02 8.597880825633621993e-02 2.243800212761713764e-02 1.510412945132844076e-02 -7.028295785867516576e-02 4.308177982259500660e-02 -8.592944997150112063e-02 3.810736854458665612e-02 -8.862294151166561634e-03 -5.292984450810463148e-02 9.385752235015487610e-02 -1.511893277260215745e-02 1.539647334334716677e-01 -3.353554321196297594e-02 -1.481422180749343738e-02 1.099963855263876543e-02 2.197705821154613548e-01 -9.014862095817860466e-02 -1.349079624461655726e-02 1.036387044076807762e-01 -8.652949393718406892e-03 -4.616286248458487118e-02 -4.661811927590685939e-02 -2.445540374589122434e-02 1.083938018256620783e-02 -2.098240103197524659e-02 -5.316185764834525235e-02 2.256684708506597609e-02 3.632780160922224194e-02 6.670257707862203497e-03 -8.693181588657994396e-02 1.142707072778941513e-01 8.789167304606092246e-02 9.536530436119666776e-02 7.024355540985081914e-02 -1.018210573223107540e-01 -1.461920325438891347e-02 1.493297943566124497e-01 -6.087166353485684578e-02 9.891278747595527721e-02 -8.167576580667385011e-03 5.502349640607061970e-02 1.120111790382354172e-01 -7.832074590383486523e-02 5.990464971657329107e-02
-1.360759001085974362e-01 1.216291440970630744e-02 1.816753208621128268e-01 -1.627090251477733007e-01 -1.277469602379233682e-01 2.715328026452276111e-01 1.238419788229890711e-01 2.322580306384277871e-01 5.949766995286063370e-02 2.267323258642737205e-01 -4.929237786401051424e-02 9.974872979296356412e-01 1.787258425816603824e-01 -1.718092118675265123e-01 7.197854847255838462e-02 3.477856092459055137e-01 2.639708767752773633e-01 1.242723057022708175e-02 2.725081504921977871e-01 7.490371625775908704e-02 1.098424500751018357e-01 4.113532570445948416e-02 3.785215143064855209e-02 3.170469825857928359e-01 7.330822976666730162e-02 2.453914672831540578e-01 2.957045679308438202e-01 3.754137790921436846e-01 2.562321853538062078e-01 -1.400819159434573413e-01 2.138050893004010966e-01 -1.484311601568909234e-01 3.852214796901374250e-01 3.472633840756927381e-01 1.764975721380609985e-01 -1.891244203089237630e-01 2.071115150616228140e-01 2.922419764493751071e-01 -1.439087125428966107e-01 3.076125636140244479e-01 3.687170943902590148e-01 3.989332755850176770e-01 3.757780349278373455e-01 3.039894935727529002e-01 2.202164670190366880e-01 2.465295106501358968e-01 2.250510367690196079e-01 1.473209432022671295e-01 2.877081556388901284e-01 6.220727469805164001e-01 2.068927550360182346e-02 6.753669902107845013e-02 -1.144410131754632354e-01 3.720639824142474295e-03 2.167736156160408045e-01 3.044504505109061898e-01 2.078476873591036389e-01 2.203743696132561825e-01 -1.734602381028130802e-01 1.648280631123916207e-01 1.008271337563052539e-01 -6.414636477302071427e-02 5.601403877023034550e-01 4.539464153181908129e-02
-1.197012222600709191e-01 7.528594121868888156e-02 4.028858068455873909e-01 -1.027476478040713626e-01 2.092422887311363305e-02 2.141785223658144166e-01 9.973887755721631831e-02 1.756127317783110209e-01 2.582598587019994604e-02 2.915614057754433164e-01 -3.568254496563611627e-02 1.787258425816603824e-01 9.974876719454581764e-01 -1.184640917233783508e-01 2.330841833161897969e-02 2.500878095650802546e-01 1.813938018160126120e-01 1.908857704386184295e-01 2.164337270559609783e-01 3.961282305013684168e-01 1.023571254892689936e-01 -6.949671789098721408e-02 3.228295576750840612e-02 3.867616411665375509e-01 4.444809109791043183e-02 1.933486739534678034e-01 1.165869470067762703e-01 1.731865686952553940e-01 3.367432450089081208e-01 -8.301540204830268332e-02 3.350369048824391460e-01 -1.735319618942775810e-01 2.287364062059402126e-01 2.469394857808374366e-01 2.266258461617800535e-01 -1.579159689975675740e-01 1.911570127827351140e-01 1.252391035296923916e-01 -1.237914500140750163e-01 1.936160465729425684e-01 1.428509392575314230e-01 2.594061023421599388e-01 1.976246488519124989e-01 2.312780367800916503e-01 1.834868558704789432e-01 2.106806899701204883e-01 1.570081591497154150e-01 9.187309769312394792e-02 1.466440759376023417e-01 1.881626931122880875e-01 -3.903734815979009731e-02 -1.262230832219326526e-01 -5.609709225362861235e-02 -1.030732486851944352e-02 4.541027267230876574e-01 2.226444266706127384e-01 1.009228973056792156e-01 1.694684833915492961e-01 -1.267260006767866043e-01 4.758286919099324330e-01 -1.957729563974913711e-02 -9.674332718143197063e-02 2.189964200165431252e-01 1.912562585707403354e-02
6.082162477524923894e-01 -1.386573798180912309e-01 -8.756704047673084801e-02 7.091446961918737024e-01 5.548503715780919165e-01 -4.716096073761746887e-01 1.638628166261668073e-01 -5.483364813001422033e-02 6.544690394415171586e-02 -1.187895121713357927e-01 1.147631590077408947e-01 -1.718092118675265123e-01 -1.184640917233783508e-01 9.974875614600842155e-01 1.605267378703376102e-01 -3.417432674098147549e-01 -2.403151504845058573e-01 2.933300326613855757e-01 -2.034281961104339176e-01 6.398979188042711042e-02 5.099760033604944232e-02 2.353587900221584817e-02 4.243714215148407937e-02 -3.283474517353089928e-01 5.479704465453599099e-02 -4.489518438978705173e-01 -2.379407309808088400e-01 -1.019963667772810778e-01 -2.847101359051565916e-01 5.701325456271431058e-01 -7.776192495676709227e-02 5.054555112894452140e-01 -2.315525942005144389e-01 -1.758440840299058117e-01 5.045789070509150431e-02 4.826498521339677716e-01 -4.895448145651379868e-01 -3.558914718970960789e-01 5.471718784773311750e-01 -2.708797570351715311e-01 -1.267926393364588733e-01 -2.517698757695169265e-01 -1.336808290380418485e-01 -1.590256412641034567e-01 -5.016685971705490965e-02 -3.506955137335812656e-01 -5.697268951079812599e-02 -1.142557725740827174e-01 -2.874896228238327245e-01 -1.907541437168916998e-01 1.928043513529446862e-01 1.123672365651824934e-01 6.326163686939291209e-01 2.865939268277994945e-01 -2.365184406275832596e-01 -3.253718315509226966e-01 -1.228842804265172783e-01 -4.422381693514176870e-01 6.106910373049418972e-01 -4.734812729387852942e-02 1.835443541043540461e-01 3.839350321123764509e-01 -2.117375264909768795e-01 1.269798050002540757e-01
2.675417756794008506e-01 -3.330981799727411596e-02 5.747278486746518200e-02 1.520399241972794080e-01 1.369733497187761162e-01 5.257607397938982019e-02 2.725787650885560520e-01 3.005310244944339182e-01 2.572564917640460802e-01 7.947863170727062498e-02 8.381328175321312024e-02 7.197854847255838462e-02 2.330841833161897969e-02 1.605267378703376102e-01 9.974871125378329539e-01 -6.017155168671514849e-03 2.146086853857085419e-01 1.429313783456462872e-01 1.927975941359524603e-01 5.590944426198400652e-02 3.374108267001937889e-01 -2.266877131004521942e-02 4.704377362409262187e-02 -3.434132357621751813e-02 3.442733399085609602e-01 -3.491982262760128658e-02 -4.571313774604437476e-03 1.640767032154637484e-01 -2.424805884138889894e-02 2.305307412741145756e-01 8.529357315372319837e-02 1.147223723017608416e-01 1.077543785698944073e-01 1.698307550981958680e-01 1.224810076681479010e-01 1.052810703763203820e-01 -3.694414104509953500e-02 -2.549202913054177122e-02 1.854670451991922431e-01 1.361499005865108858e-01 6.845706589314502766e-02 3.720691331835135340e-02 8.441852807443453455e-02 9.342144784957001624e-02 1.638329101000040033e-01 -5.386478311628444676e-02 1.877715532474684701e-01 4.434327398070432580e-02 2.715531516226480160e-02 6.588868044391177348e-02 1.905700032315425230e-01 1.235397180312922949e-01 1.924936757225640394e-01 9.439429819219878615e-02 -7.741134263501628365e-02 -1.465666718921511576e-02 5.899792046242323396e-02 -1.329533981725645846e-02 1.441470818638070917e-01 8.630924831174000000e-02 1.383440417704878411e-01 2.143293062411525396e-01 6.658573709997817058e-02 4.137279650828562527e-01
-2.983200723463687587e-01 6.990143516567359772e-02 2.339664675001970895e-01 -3.322260570454088069e-01 -2.972249909837007542e-01 3.646997825792899217e-01 1.232474953184433016e-02 1.760055848924805266e-01 7.970689422357915555e-02 2.409029528860358871e-01 -3.746781931426543949e-02 3.477856092459055137e-01 2.500878095650802546e-01 -3.417432674098147549e-01 -6.017155168671514849e-03 9.974872059909472011e-01 3.165255800147119825e-01 -8.480774506362752374e-02 2.666494815437037147e-01 5.669810888445922514e-02 7.862929059674383936e-02 3.337264366995218445e-02 -3.032011435333641092e-02 5.903625401031958875e-01 3.836104267139517354e-02 3.228243954970996810e-01 4.438046699647547055e-01 2.372154952216729562e-01 5.204036838434790146e-01 -3.456500777723415241e-01 2.222096356151384566e-01 -2.450087943523294176e-01 4.325378616645898511e-01 3.221296593420341359e-01 1.314287194057263686e-01 -3.055494327150111711e-01 3.109960464628889754e-01 5.691511616678628371e-01 -3.539928189486050147e-01 4.221302767315875393e-01 2.136588673360607649e-01 5.206679039876209725e-01 2.850318559281453945e-01 2.995909225159222311e-01 1.299070963184773830e-01 5.644232838291112220e-01 1.957137148667137116e-01 1.890787247270819260e-01 5.771509141283626132e-01 3.686157325796978190e-01 -2.569356140465979543e-02 7.110610475019590870e-02 -2.750363128380498567e-01 -1.151006087298932778e-01 3.692034015613907538e-01 6.786232819849686848e-01 3.516493398977512674e-01 3.166583438351318058e-01 -3.371953807090471433e-01 1.878049611980782130e-01 -4.611101341068737230e-02 -2.298485944590255015e-01 3.651569224408617864e-01 -5.405675638568842312e-03
-1.542656221589922827e-01 6.122178578577478630e-02 1.873595448998018054e-01 -2.167622100706627641e-01 -1.542040818368834443e-01 5.291262015064358559e-01 1.603637489083568068e-01 3.167907883277856218e-01 1.643695270121398877e-01 2.298485893113608458e-01 -8.748318265402106261e-03 2.639708767752773633e-01 1.813938018160126120e-01 -2.403151504845058573e-01 2.146086853857085419e-01 3.165255800147119825e-01 9.974877729302024099e-01 5.718251888005350392e-03 3.992378242806854938e-01 8.242758468360361634e-02 1.785848284214855974e-01 -1.702875923708106060e-02 5.016884504568308589e-02 2.842474049693785587e-01 1.395015306289088541e-01 3.055079995941757387e-01 2.121196259629470060e-01 2.866291059832374311e-01 2.457830458889936898e-01 -1.532860826177823710e-01 2.232975146943471656e-01 -2.089788969236538452e-01 4.048412300080177495e-01 4.361812668676248728e-01 1.766268418152017461e-01 -2.309889587815308620e-01 3.181800247002659066e-01 2.750085246695768704e-01 -1.727615399863911549e-01 5.947955287769296495e-01 2.028395625638574340e-01 3.087636072249143049e-01 2.723023853084404200e-01 2.836738888624339427e-01 2.403838089707206471e-01 2.359706939581635021e-01 3.260758191623369107e-01 1.594585239740668459e-01 3.158086360540615090e-01 2.764812309924508105e-01 3.401540839370935376e-02 5.596298276083325196e-02 -1.491146854618183859e-01 -3.471558747320604987e-02 1.982190222145332748e-01 2.903030305880168749e-01 1.875130523863489107e-01 3.419220374503709747e-01 -2.257168072117698987e-01 1.798355069764972780e-01 2.097846053723261342e-02 -8.276998979733543593e-02 3.023351796149411075e-01 1.141606089649470773e-01
2.758340117916168732e-01 -4.044616016656699814e-02 1.667501016122722723e-01 2.862212906694602266e-01 4.356990538630227672e-01 -8.040130268708883809e-02 2.534440872074444906e-01 1.333472794435956177e-01 6.541123628145710522e-02 5.378160798600827019e-02 4.096603096522046655e-02 1.242723057022708175e-02 1.908857704386184295e-01 2.933300326613855757e-01 1.429313783456462872e-01 -8.480774506362752374e-02 5.718251888005350392e-03 9.974876685689471056e-01 6.173230622580134358e-02 3.034975300473347071e-01 1.172714780305580129e-01 -3.089872946487694227e-02 7.880477895368528940e-02 -2.600854097645186047e-02 8.135191535076718994e-02 -9.820342868356410349e-02 -9.372462208750574619e-02 6.381786219621511658e-02 -1.847836912520804675e-02 3.425636243083048926e-01 1.798281093947046716e-01 1.472595655833679462e-01 1.706774598329931225e-02 8.639157219729189097e-02 2.638322240539546781e-01 1.612839509139993854e-01 -1.115008847166009953e-01 -1.703208262213158353e-01 2.511693635056986285e-01 -2.193410810859852678e-02 2.261099754027193556e-02 -7.743177183417033690e-03 7.628501070599957856e-02 2.996376151323241685e-02 1.200906020249820627e-01 -1.145974277834775207e-01 9.423732125743136678e-02 5.501819590907418289e-03 -1.022797201308136977e-01 6.162159177365084811e-03 1.010618423040219732e-01 1.796486555398965970e-02 3.381787119370935346e-01 1.932996048242641707e-01 5.784514935409289238e-02 -9.286243464222082578e-02 -3.046268015038578608e-02 -1.049791416063761418e-01 2.470529907966812488e-01 2.532924035727419088e-01 1.169905830381150202e-01 1.822983005841873894e-01 1.850847914532589150e-02 1.035061252533949760e-01
-1.281470659334744411e-01 7.076944587657520158e-02 2.032225284544942334e-01 -1.728051557649838976e-01 -9.303100005363953984e-02 4.723457356637783544e-01 3.070580521752801495e-01 6.115529396492321856e-01 1.163842301222745151e-01 2.767043910564784825e-01 -2.031617274630491757e-02 2.725081504921977871e-01 2.164337270559609783e-01 -2.034281961104339176e-01 1.927975941359524603e-01 2.666494815437037147e-01 3.992378242806854938e-01 6.173230622580134358e-02 9.974871129352128607e-01 1.608720026136752912e-01 2.294796933171516506e-01 -1.219518413489396463e-01 5.132150300083453132e-02 2.653524123738663087e-01 1.781936258430545372e-01 2.990853431871909884e-01 1.330056190818473261e-01 3.405718775147370536e-01 2.285265771740398466e-01 -9.672626199973509420e-02 2.439944088056618110e-01 -2.297961979395781174e-01 3.906428250498620303e-01 5.253871560382334938e-01 2.000456331992210846e-01 -2.212936542980858678e-01 3.371150983120114741e-01 1.951954809740573116e-01 -1.223914389317106860e-01 3.903079044330715064e-01 2.531543026047361478e-01 2.958478931252958022e-01 2.739797919676208449e-01 3.257893564384072849e-01 4.319612493699382938e-01 2.032318503515146979e-01 2.971028673835842127e-01 1.232856478038834303e-01 2.298488628290616953e-01 2.863821071388839568e-01 2.403268626100064226e-02 2.605533992001839508e-02 -1.066333673736824944e-01 -3.401497108763459898e-02 2.115669365595392037e-01 2.277299813679974083e-01 1.302343521919943070e-01 2.997950640091648911e-01 -1.852861984397611572e-01 2.076000361883067469e-01 4.672096311330549423e-02 -4.685695061269878892e-02 3.262942937905901619e-01 1.145653851824691705e-01
3.463271450229122445e-02 4.146551197387172982e-02 2.061929982195270239e-01 8.106733825794706916e-02 2.805916650636581244e-01 7.577327126784419442e-02 1.465610207309982482e-01 1.632125472850600723e-01 9.715515721858677956e-03 1.311456705381345011e-01 -2.283759142078008869e-02 7.490371625775908704e-02 3.961282305013684168e-01 6.398979188042711042e-02 5.590944426198400652e-02 5.669810888445922514e-02 8.242758468360361634e-02 3.034975300473347071e-01 1.608720026136752912e-01 9.974875316328737362e-01 8.042431919137855989e-02 -2.393507792599709472e-01 2.405823065582226791e-02 1.764936564269418418e-01 5.028360129748732366e-02 4.759810771784783734e-02 -4.996680971704841462e-02 1.314385121423664038e-01 1.434711484357479305e-01 9.233445208634985524e-02 1.869383638966065631e-01 -4.183717925542594640e-02 1.001972754033812751e-01 1.421557196445282500e-01 1.520305869766881979e-01 -2.354737835491149331e-02 7.741882711829299601e-02 -7.926782327611237022e-02 4.262355787110422983e-02 6.686692653843601120e-02 1.006411426663608999e-01 1.064312252424766542e-01 6.909640328739076465e-02 1.152258831709333242e-01 2.565181430628722392e-01 4.492647606898058504e-02 9.883442589614493956e-02 4.313145577824247651e-03 -1.950119503028480139e-02 8.163857002595535650e-02 -9.076454718177449227e-03 -1.036438456623821752e-01 1.015848238106207835e-01 1.827143665281955043e-02 3.394538864261597566e-01 3.693311933850386419e-02 -1.297887691184800366e-02 2.954703541775079156e-02 4.711242809888182420e-02 2.549851386108397122e-01 2.094902499053353379e-02 1.875801555464334455e-02 9.865073579889127586e-02 4.154082077992336808e-02
9.695966879231919522e-02 -1.075928719877064163e-02 1.313387935043608401e-01 5.076760117436336650e-02 6.144927833308548581e-02 1.076870799222145181e-01 2.666531330442565295e-01 2.741844290732339262e-01 3.706760196587143286e-01 1.168456609723342865e-01 8.597880825633621993e-02 1.098424500751018357e-01 1.023571254892689936e-01 5.099760033604944232e-02 3.374108267001937889e-01 7.862929059674383936e-02 1.785848284214855974e-01 1.172714780305580129e-01 2.294796933171516506e-01 8.042431919137855989e-02 9.974873569158670961e-01 -1.439879711117880712e-02 4.275831349641042584e-02 6.829846401542935541e-02 1.939330264563876582e-01 4.313759248143108488e-02 5.725445453179753980e-02 1.774347953762694940e-01 6.380823947833386134e-02 9.630215277515603856e-02 1.467952733134899601e-01 3.965875777796967760e-02 1.696805632280387610e-01 2.027852123356218006e-01 1.397033236573065607e-01 2.797938384536264797e-02 3.735295641694121038e-02 4.987432221032815638e-02 8.439414679158441235e-02 1.685001451811434792e-01 8.623398783485400343e-02 1.059663596487843279e-01 1.248638682351949358e-01 1.269353900964973747e-01 1.628818244760752987e-01 2.897697421898323689e-02 1.773877522160570430e-01 7.106255279896125931e-02 8.942309103907959689e-02 1.064635182430649918e-01 1.334059611102358378e-01 1.079697277302880398e-01 8.444184136530560880e-02 6.310278992350849825e-02 4.438145994217522483e-02 6.675309242777759111e-02 1.072716719423701393e-01 5.207432942447849655e-02 4.574687541392521983e-02 1.917099065235821631e-01 1.076808157930996407e-01 1.374597445644347438e-01 1.086332227714044973e-01 1.838247018944968725e-01
1.352475218974709056e-02 -1.126943563951689625e-01 1.211765060872145583e-02 3.772904565556498002e-04 -4.769960124912674126e-02 -3.975830959622436017e-02 -3.817789402746479821e-02 -8.400861181574559300e-02 2.311416969559883239e-02 -2.184165075197512518e-02 2.243800212761713764e-02 4.113532570445948416e-02 -6.949671789098721408e-02 2.353587900221584817e-02 -2.266877131004521942e-02 3.337264366995218445e-02 -1.702875923708106060e-02 -3.089872946487694227e-02 -1.219518413489396463e-01 -2.393507792599709472e-01 -1.439879711117880712e-02 9.974875248581109854e-01 7.564409319891159111e-02 -3.056213474750551704e-03 -1.669129898065297921e-02 2.288689775871707854e-02 1.477585738648607705e-01 -5.951995811960301974e-02 -1.340149878775862956e-03 -1.182839943683280590e-02 4.660945462181167315e-02 4.871959163155783340e-02 2.381827935010548403e-02 -4.375203825275126267e-03 9.241193669591511728e-02 4.351111300133205656e-02 -5.995499244136293093e-02 8.151487654324471310e-02 6.000638727775616660e-04 3.105040439498885519e-03 -3.747217401591844410e-02 3.172166136876478082e-02 2.078155811574785572e-01 -2.854673172829699096e-02 -1.767596310752073130e-01 -2.068722654481862055e-05 1.638573423751662605e-03 9.354167588248460397e-02 5.354811699001145453e-02 2.494669231246062283e-02 4.328557659890873432e-02 5.610284293487987489e-02 8.340529829003916901e-03 2.057273253846261252e-01 -5.351196548180874729e-02 4.494534338428301384e-02 8.708814167836487208e-02 9.947330141285654070e-03 -5.266104642643121628e-03 -1.013049050585693341e-02 3.671017157487050514e-02 7.606405705336143769e-03 4.305066174517375305e-02 -7.474346945750734439e-03
3.725634154322485930e-02 -2.620369961428296868e-02 7.025587632559315843e-02 2.094358950630537466e-02 5.494705475769154357e-02 5.346277931951733814e-02 7.262343619526009930e-02 6.140880501372326938e-02 3.340011534672979870e-02 2.385090565899482609e-02 1.510412945132844076e-02 3.785215143064855209e-02 3.228295576750840612e-02 4.243714215148407937e-02 4.704377362409262187e-02 -3.032011435333641092e-02 5.016884504568308589e-02 7.880477895368528940e-02 5.132150300083453132e-02 2.405823065582226791e-02 4.275831349641042584e-02 7.564409319891159111e-02 9.974872726186634342e-01 -1.176027094619465363e-02 3.139562909468591317e-02 1.102173054457563084e-01 6.951581123530426419e-03 3.367433462053665005e-02 -3.690633992554539014e-03 5.201775200053053438e-02 9.930876389984349961e-02 1.007410106810218038e-02 4.883268010450607377e-02 7.753138216185763432e-02 1.580148367541356069e-01 4.315373682959334350e-02 3.371063971708471163e-02 -2.392189900789395279e-02 4.201842871586327494e-02 3.084399802540105373e-02 4.346969629053079598e-03 2.374502915354334900e-02 1.536987513378593462e-01 1.595456488673805545e-02 2.405988585449225087e-02 -4.456330385846584557e-02 8.203972700098810522e-02 1.833069953285582365e-01 -2.463875550021729990e-02 3.155561159529649690e-02 5.962923728511872884e-02 1.378733974634203593e-02 4.845942282298637549e-02 3.487815229538355766e-01 8.540832203714886911e-03 -7.520668458761328723e-02 1.792710746033301245e-02 1.463859526213616147e-01 -7.798163177128574278e-03 6.615606380721544832e-02 4.458407581616900123e-02 4.128086178152592933e-02 5.076696396618599061e-02 3.413753671306992560e-02
-3.123837765383742915e-01 8.185992552136137079e-02 3.038654688323259023e-01 -3.144784784895915952e-01 -2.283067017005101229e-01 3.537461064798123611e-01 1.948715033478222447e-02 1.757485662168169482e-01 3.774384870770718103e-02 2.456253310053156669e-01 -7.028295785867516576e-02 3.170469825857928359e-01 3.867616411665375509e-01 -3.283474517353089928e-01 -3.434132357621751813e-02 5.903625401031958875e-01 2.842474049693785587e-01 -2.600854097645186047e-02 2.653524123738663087e-01 1.764936564269418418e-01 6.829846401542935541e-02 -3.056213474750551704e-03 -1.176027094619465363e-02 9.974871850840800747e-01 2.596782705891322734e-02 3.296081323182353251e-01 3.385577339351158455e-01 2.230991159502545840e-01 6.110309417597652448e-01 -3.178532732855571807e-01 2.765974791312374448e-01 -2.720858380134208443e-01 3.989223826242813131e-01 3.165445787302804681e-01 1.644059149146623322e-01 -3.183917064499011129e-01 3.195873004527050032e-01 4.079940488500694573e-01 -3.497756386323082611e-01 3.572216986451466347e-01 2.103657176299337517e-01 5.449751920790344428e-01 2.866473035939747227e-01 2.793462688731364052e-01 1.545179778827500405e-01 5.075717631403691144e-01 1.826428764415475581e-01 1.610100544599439853e-01 4.136436856137482576e-01 3.308017541159498087e-01 -6.753294028109148306e-02 -1.360396926195903133e-02 -2.574318488696297758e-01 -1.025617664516309396e-01 5.780617332734708791e-01 5.587154757160358587e-01 2.596991081695250725e-01 3.098219110977738500e-01 -3.261671964454957995e-01 2.616904889783299160e-01 -5.950849939199243099e-02 -2.345685128321335911e-01 3.647430821834733439e-01 -2.094456666591514027e-02
