9.975003291054261867e-01 2.310062804313001150e-02 7.005885864998498413e-02 3.461951671149977039e-01 3.392809036598625205e-01 3.896094457392886012e-02 1.359746484686382151e-01 9.750026397436916889e-03 2.806758742350844993e-01 3.287913162386771337e-02 1.302581164655549906e-01 6.300992333605080764e-02 7.078319949391709276e-02 3.584856013098846050e-01 2.056751020097334348e-01 7.567390603018776807e-02 7.968895462773158134e-02 3.484507181192753600e-01 -1.697769338724560567e-03 6.250863401288309085e-02 6.094975857486861770e-02 5.260942405870479982e-02 1.006444440480510627e-01 6.834890039108179605e-02 6.679456384321136309e-02 -1.167434921371080236e-01 1.276401222971826344e-01 7.242014467059634808e-02 2.600451999770505770e-02 3.003364283306896310e-01 7.161248709044142069e-02 2.572563414045553332e-01 4.734262418424925456e-02 2.639771635351715814e-02 1.172986884352106851e-01 2.733459644537261646e-01 -1.638464269110331273e-01 6.253091840339845831e-02 2.944491799252416109e-01 8.339509400834346775e-02 -1.441087787067273779e-02 7.309808877442867947e-02 6.382121745132059154e-02 3.409370489053099862e-02 -1.311727962402160774e-02 5.009735858757716209e-02 8.055594014208834752e-02 8.646667025578194665e-02 7.429294216795437333e-02 6.214606034707282484e-02 2.157143015064196256e-01 1.494956161931315086e-01 4.368480973203655027e-01 4.706108944496674718e-01 2.657879581213051096e-02 1.778158447460699287e-01 2.094994787095703914e-01 -2.528428822277006133e-02 4.019267323446861218e-01 6.651648839042578754e-02 1.881748805940631208e-01 2.829983175659149808e-01 1.225148537762331923e-02 1.303835663034622339e-01
2.310062804313001150e-02 9.975000898469045252e-01 1.104214615483704032e-01 4.212536226527512778e-02 6.323088911815834268e-02 1.252473260063149130e-01 1.444246472634033995e-01 2.068359124392800674e-01 8.062993108409946541e-02 -5.437306768248541949e-02 -2.454072736737540616e-02 1.234745175240352100e-01 6.168134217837293459e-02 4.428726539404422707e-02 5.447976052173428285e-02 1.075137180639738621e-01 1.024392846788562961e-01 3.741369813830595220e-02 1.555294275852460717e-01 1.299506992699725749e-01 3.181909346722161525e-01 -2.111369855524585643e-02 3.580664648089812441e-02 1.131343855010887300e-01 9.386757960912800458e-02 1.394318982919624528e-01 6.378765477684203433e-02 1.500070036253434991e-01 8.869727242202110618e-02 5.119087204534561453e-02 1.249796358045629080e-01 5.034026048305435819e-02 1.455898996051708250e-01 1.302094311017766015e-01 8.132597121175125232e-02 3.662845054447044779e-02 1.844364981565332351e-01 7.639055590587581768e-02 2.652317852325716471e-02 1.397623465047535263e-01 1.992890269627833333e-01 1.422074763562256317e-01 1.043770305056571090e-01 9.413354936091974934e-02 1.805083995398954477e-01 8.623856659131548530e-02 1.006712321516190223e-01 4.583073697590474282e-02 8.355643999374715025e-02 1.066891128644477937e-01 6.001859302299848709e-02 5.812545916690795011e-02 4.565063943426546367e-02 5.354931835296669607e-02 1.104615655023403614e-01 1.002833235785350885e-01 9.859165972961003027e-03 6.497143071771953327e-02 4.385324328742389727e-02 1.132108024801151136e-01 6.996421185592878456e-02 5.272672129862666923e-02 1.479700021352934047e-01 8.615672399978530072e-02
7.005885864998498413e-02 1.104214615483704032e-01 9.974997936875694693e-01 3.605865698651108953e-02 8.362118785437303026e-02 2.432930110699681181e-01 2.585840484327227573e-01 2.517513017807528342e-01 6.684273393895728832e-02 1.010386136240841309e-01 -9.428005756291817085e-03 3.773569302171448925e-01 3.703766471031831875e-01 4.784370546831910598e-02 7.554507548251797322e-02 3.930503736527563019e-01 2.110307009086858920e-01 9.955458845626587172e-02 2.801535609388693393e-01 3.834967006047010352e-01 1.280030484596496598e-01 -2.990778970371848686e-02 2.199878506676255369e-02 4.560562818813825858e-01 1.759386909075172922e-01 2.177894402564368170e-01 3.455428575591934504e-01 2.883822626856731852e-01 3.579869464331956741e-01 6.418783918839174318e-02 5.653800142177558552e-01 1.034718075988149827e-01 2.921720274016710861e-01 2.614624661561997243e-01 3.504573574590587048e-01 1.018483073799003186e-01 1.868022274301504027e-01 2.230396881071424198e-01 9.445491158066379733e-03 2.793202827747069961e-01 2.356374472046545709e-01 3.919790591399732738e-01 2.315780324469308427e-01 1.991072165387270942e-01 2.675556866221031616e-01 5.136595238840475641e-01 1.966253440336994951e-01 1.835638306306862089e-01 2.388579910207020152e-01 3.045668451643062657e-01 1.467243020153731481e-01 1.239199990220755526e-01 9.677890752049971013e-02 1.384454873097006600e-01 3.853336918288504109e-01 2.612610466312434987e-01 1.227919802903471858e-01 1.938999836870952120e-01 6.094124575225567247e-02 5.488411369692870467e-01 1.198168044208070826e-01 1.155486013728913158e-01 3.901476968245766175e-01 1.607767495222654497e-01
3.461951671149977039e-01 4.212536226527512778e-02 3.605865698651108953e-02 9.975003639473938311e-01 4.990870343937171549e-01 5.530924411082209502e-02 1.371141358441883562e-01 5.617088677338695490e-02 1.433000615659884847e-01 -1.060422827052556055e-01 2.855025795022475554e-02 2.307966623724347702e-02 6.590872430062583859e-03 6.399612502490961141e-01 1.178341594005974380e-01 5.845844848486888429e-02 7.535028133354694513e-02 2.701169105581431862e-01 3.616900024358899596e-02 6.788279286499156184e-02 9.174031310598615430e-02 7.501716926821891396e-02 2.017606692830152260e-01 4.199911872346434594e-02 8.488443174488893850e-02 -1.562884957080525397e-02 2.945630916084233247e-02 7.132485337159830130e-02 1.447852283846271827e-02 4.371156627703174924e-01 5.649684042307404758e-02 2.583812783157455883e-01 5.552815899818323853e-02 3.593372678951423788e-02 1.216082384355982593e-01 2.618775967515454828e-01 -2.844438535347237895e-02 -3.922816557397906800e-02 4.855378047251814877e-01 7.557701963593226047e-02 -1.954600851227372704e-02 5.508292506210284850e-02 3.679659660512774044e-02 3.893755986010707243e-02 4.055955958335527578e-02 1.517536407091345588e-02 1.007847696551004424e-01 -5.411022242118794512e-02 3.979848544877711419e-02 2.337416932438450556e-02 6.714494255008679469e-02 9.030521578915128023e-02 4.900337335268784011e-01 2.718421993497870393e-01 3.364659011281016104e-02 1.924962295625652631e-01 1.235312918525872522e-01 -1.275611310904297968e-01 5.234467524901799118e-01 4.508038887194537603e-02 2.181064097210420882e-01 1.957271522804759634e-01 -3.484900665643245188e-02 1.566755052434989914e-01
3.392809036598625205e-01 6.323088911815834268e-02 8.362118785437303026e-02 4.990870343937171549e-01 9.975002957983597485e-01 8.784136827155517024e-02 1.565507511044295363e-01 8.153433091918443898e-02 1.734259007436053379e-01 -5.466993359470979919e-02 5.337601623472434942e-02 6.719431052267553495e-02 5.786127509437919564e-02 6.009171471261146591e-01 1.285026145021022359e-01 9.986824859811792299e-02 1.054398204939711314e-01 4.017476675998503111e-01 6.813704088610467169e-02 1.017797851669477449e-01 1.018248323182659038e-01 7.779725442635164467e-02 2.149862152860426145e-01 8.643875994773264626e-02 1.055236878363121633e-01 1.555304940393728227e-02 7.945893106738624589e-02 1.021793137038649602e-01 5.231949496980606990e-02 3.424080174638921559e-01 1.006704882444667548e-01 3.212345305207821022e-01 8.972138913455054987e-02 7.351575542508206884e-02 1.605347267031275171e-01 2.898056200692618045e-01 -2.956209992496676431e-03 4.646797455458441528e-02 3.463049070531621920e-01 1.095312861580843289e-01 8.557528308390020128e-03 9.759149668229005758e-02 8.042951831500179394e-02 7.563491247701004117e-02 7.135819391919763499e-02 6.036966607190713541e-02 1.302385514309150061e-01 3.679539806910759464e-02 8.546043570216717289e-02 6.466400552308219918e-02 1.100547000631689198e-01 1.231829195897389539e-01 4.223758074889849556e-01 3.311297632641211353e-01 6.429889910921524065e-02 2.156586671827174229e-01 1.946024138880511900e-01 -3.608624688049347218e-02 4.231266807102646577e-01 8.722870814468182410e-02 2.010957530336485444e-01 2.200964292526953747e-01 1.357697106596987384e-02 1.682127089454413527e-01
3.896094457392886012e-02 1.252473260063149130e-01 2.432930110699681181e-01 5.530924411082209502e-02 8.784136827155517024e-02 9.975000259048723006e-01 2.386789584547890919e-01 3.757845370655747974e-01 1.464626580127932620e-02 5.930255689905072902e-03 -7.606089349099118269e-02 2.531186403574324784e-01 1.665135629258780170e-01 6.657156652567033928e-02 8.778104608752236582e-02 2.205462533932841529e-01 5.416647587698688593e-01 7.558137280494386934e-02 4.731137377824643497e-01 2.663728982829066116e-01 1.437724994150983426e-01 -1.723581482396787518e-02 1.072887117220472225e-01 2.385747042772415338e-01 2.983231522057020468e-01 3.831991878984248867e-01 1.493200564029217581e-01 3.082256797702122020e-01 1.792638534457278721e-01 1.176259349428848133e-01 2.868523126250240307e-01 8.478708201775492226e-02 3.158834162952791624e-01 3.274199398326462784e-01 1.864220307520993158e-01 8.062331234029432303e-02 2.715522688060654222e-01 2.592356842185528087e-01 4.027632293638110095e-02 3.843022756424565589e-01 1.939090833088453203e-01 2.824185637061842336e-01 2.570422660705500295e-01 2.074175876769237259e-01 3.864914340732877318e-01 1.891733944519349286e-01 2.675034947759034054e-01 1.162705654076202633e-01 2.193912054837298120e-01 2.424655002068362708e-01 9.261906501116022594e-02 1.170797314893711472e-01 7.989011792691012859e-02 1.112959812269906507e-01 2.256992755701642261e-01 1.665062929774163980e-01 5.986566040280690004e-02 1.449114007909915181e-01 7.275311957639260529e-02 2.772897542195950638e-01 1.631249432879637584e-01 1.204410184600510358e-01 2.444859054590344249e-01 3.096411206487062473e-01
1.359746484686382151e-01 1.444246472634033995e-01 2.585840484327227573e-01 1.371141358441883562e-01 1.565507511044295363e-01 2.386789584547890919e-01 9.975002935286259031e-01 2.579341475805957407e-01 1.338798434361191669e-01 2.931265713374169805e-03 6.380457099152379852e-04 2.804014173044166447e-01 1.912305556516133154e-01 1.615874901950331011e-01 1.171473121054147776e-01 2.585234029480210638e-01 2.368684873289261805e-01 1.502099863949751257e-01 2.596053798688519598e-01 2.881383400040392617e-01 2.791701699226315503e-01 -1.224774265125296024e-02 6.233092154695456244e-02 3.203909090120287684e-01 1.840453254524478388e-01 1.802447256786284813e-01 1.985546750697038398e-01 3.916576786606881244e-01 1.975675682307311276e-01 1.336961298793819530e-01 2.810546066741203552e-01 1.464330044603351089e-01 3.609990553878825725e-01 2.311294312067545820e-01 1.835119672243402111e-01 2.092461926918613158e-01 1.565994004835090381e-01 1.804296285742752470e-01 1.197162032973910911e-01 3.506546734545031851e-01 1.554845813338178173e-01 4.382597187905840630e-01 1.818105769597946064e-01 1.777917287877216479e-01 2.498634406886647563e-01 2.107797473616100370e-01 1.861925178933101499e-01 1.339406569322430518e-01 1.896216760553119940e-01 2.380895130109263458e-01 1.843028005442588213e-01 1.462412399792027973e-01 1.386490609418800091e-01 1.544864104983506292e-01 2.387588307201288229e-01 2.242549027186344079e-01 1.208423997271575040e-01 1.222076986137470289e-01 2.174139430922318317e-01 2.683661021210069775e-01 3.509181137629934777e-01 1.902311956521083036e-01 2.244483379695894620e-01 1.806368102228728123e-01
9.750026397436916889e-03 2.068359124392800674e-01 2.517513017807528342e-01 5.617088677338695490e-02 8.153433091918443898e-02 3.757845370655747974e-01 2.579341475805957407e-01 9.975000213279215933e-01 -2.601039531942045749e-02 -1.586342274292355456e-03 -1.106460631214045420e-01 2.622044280885197365e-01 1.758357659805951934e-01 5.782408504484547185e-02 6.457435863458242664e-02 2.215573596736936379e-01 2.670084598238539053e-01 6.434440621397100046e-02 5.429992243802617136e-01 3.121934349925777896e-01 1.673700848462097990e-01 -1.297809775444555037e-02 1.205023381319233478e-01 2.510634624123290193e-01 2.544998064045131958e-01 4.404513353071531356e-01 1.087934784688419920e-01 3.362068191880183132e-01 1.928953402808338546e-01 1.429977133686332613e-01 3.040011679575452264e-01 4.938262692795859776e-02 3.720060405891787991e-01 3.733185591794844771e-01 2.009978706766351042e-01 6.645401290974471686e-02 3.726759270098138899e-01 1.581466742960355720e-01 4.261871663045770781e-02 3.106425095415874527e-01 3.157891076348076087e-01 3.037763771296090320e-01 2.948837448898868896e-01 2.710326658642925879e-01 6.102097871731402279e-01 1.977342397399678708e-01 3.021556117498099825e-01 6.981441487363547471e-02 1.818429822326918521e-01 2.309332451370126327e-01 5.481766473279836571e-02 6.162646983329317374e-02 7.473230265219142632e-02 1.043339900044876756e-01 2.493621926687782653e-01 1.487498423870262099e-01 4.519581837099993782e-02 1.594761546528089824e-01 5.952200364755893397e-02 2.706811919171415171e-01 1.223259758014688808e-01 6.012027235482450549e-02 2.975997128368843003e-01 2.325232275337622279e-01
2.806758742350844993e-01 8.062993108409946541e-02 6.684273393895728832e-02 1.433000615659884847e-01 1.734259007436053379e-01 1.464626580127932620e-02 1.338798434361191669e-01 -2.601039531942045749e-02 9.974996974656830107e-01 1.152865291635327694e-01 3.773838074198937464e-01 6.638279145756216526e-02 1.041286629396500629e-01 1.822782205417933232e-01 2.926775774003427810e-01 9.349484614969760798e-02 7.282707098865473516e-02 2.474044628253012357e-01 -5.239789648298364549e-02 5.513647960965865902e-02 9.437866146049291027e-02 -1.572067068504041584e-02 -3.504075762056755444e-02 7.991458729073677714e-02 3.438114471222972202e-02 -2.006811728136168038e-01 1.599203844558788057e-01 6.890018640049537513e-02 4.269865616961659310e-02 9.866293371089956965e-02 4.723599848898183545e-02 2.719160885138662276e-01 3.391505313038960939e-02 -2.752188823683273527e-02 1.667572593355341054e-02 2.022771690793655486e-01 -1.109972050730387710e-01 1.372538103957418876e-01 1.139429044999359375e-01 7.943411975789736734e-02 -1.291929205641792824e-02 7.407695196182600972e-02 -4.096014479005685716e-02 2.378717978564933930e-02 -3.809413665207100896e-02 6.353951244444754065e-02 3.681023670387255364e-02 1.924775351055606210e-01 9.756355954495718463e-02 6.271385085569326778e-02 3.679696686504505543e-01 2.893398998813570544e-01 1.574453315052088409e-01 1.711255131485160674e-01 2.100153434695545968e-02 2.134268146721067794e-01 2.158565572883690276e-01 7.387086009537604386e-03 2.013650402857207200e-01 5.769365408215186564e-02 1.416748631846672657e-01 3.525642326095460577e-01 1.780007079829218006e-02 7.742635889727442211e-02
3.287913162386771337e-02 -5.437306768248541949e-02 1.010386136240841309e-01 -1.060422827052556055e-01 -5.466993359470979919e-02 5.930255689905072902e-03 2.931265713374169805e-03 -1.586342274292355456e-03 1.152865291635327694e-01 9.974999249453193606e-01 3.571978087428435145e-01 5.225838233609007843e-02 3.921311778533402848e-01 -4.720336581846384938e-02 -1.863527730232661384e-02 6.884844657363647924e-02 9.577252850133326223e-03 1.897414151079072075e-01 -9.534295411879830512e-03 3.952283765365052770e-02 -2.342617857640837686e-01 8.815194293383030177e-02 -2.815848265343008291e-02 1.235282549422626885e-01 9.123428695359807328e-03 -3.330841188277582077e-02 6.674105947011041429e-02 1.141081500189386824e-03 7.136026560009975372e-02 -1.910265662409157267e-02 6.942805059792897526e-02 1.421305357541595080e-02 2.443868424349170121e-02 2.235978006262588288e-02 2.298974141419636227e-02 1.658442722296977756e-01 -3.960853958874436739e-03 4.877494549534988622e-02 -3.941021805861783661e-02 -2.401213610973044425e-03 1.967017265123637351e-02 4.718296107954398494e-02 1.900371697116218922e-02 1.334702102959022529e-01 9.539724876567234890e-03 1.274654109901451338e-01 1.022460413996029681e-02 9.215256465402363317e-02 3.223633727727445025e-02 3.454513534149790399e-02 5.370614049788281774e-02 2.154091855764753496e-02 -2.379751109214923999e-02 3.927905358137272207e-02 3.663362916126881863e-02 7.702383939613658727e-03 4.584824770402424754e-01 4.084372643932297764e-02 -4.181766914495388225e-03 9.303896573612599474e-02 -2.853633235801695048e-02 4.926243918207555417e-02 7.025219859537781830e-02 1.309294636367988596e-02
1.302581164655549906e-01 -2.454072736737540616e-02 -9.428005756291817085e-03 2.855025795022475554e-02 5.337601623472434942e-02 -7.606089349099118269e-02 6.380457099152379852e-04 -1.106460631214045420e-01 3.773838074198937464e-01 3.571978087428435145e-01 9.974997696322523977e-01 -2.436341964379453232e-02 1.544868550098571491e-01 6.363446451815359117e-02 8.378511017459881749e-02 -1.458619570260716314e-02 -2.990097534620315967e-02 1.950464838249790778e-01 -1.494887157993105009e-01 -5.241895762605811027e-02 -7.678707123832650971e-02 5.965928581991129798e-02 -3.568935683956520055e-02 -1.619318400602972469e-03 -3.601381631969838987e-02 -2.158624841309595699e-01 4.643522047975777445e-02 -4.565182899942977351e-02 -1.639068882135001626e-02 2.538700268661663040e-02 -3.790131238941803898e-02 9.732053041079039013e-02 -5.743298017576242698e-02 -8.935193997335232063e-02 -4.794704399370283004e-02 1.637232078244611200e-01 -1.348349760912654349e-01 2.109932363349777823e-02 3.950827550351193596e-02 -4.148693504684491246e-02 -5.584370496029730097e-02 -2.933585938356996631e-02 -8.016040836204853248e-02 6.953186025376059849e-03 -1.243344428214681330e-01 1.476113773263759699e-02 -3.983854932103935570e-02 8.453826204223695295e-02 -5.329877329712419919e-03 -3.214339453734298829e-02 1.287783723362553034e-01 8.863383923130113695e-02 4.884590610538994127e-02 6.846310585369606849e-02 -1.042067866508093188e-01 3.780377538847348035e-02 3.312600519333990801e-01 -3.160293812204936770e-02 8.609947700062624276e-02 -1.500763214640770705e-02 2.475820044199404310e-02 1.337453715574395963e-01 -3.862857655841969717e-02 -8.400839904969642849e-03
6.300992333605080764e-02 1.234745175240352100e-01 3.773569302171448925e-01 2.307966623724347702e-02 6.719431052267553495e-02 2.531186403574324784e-01 2.804014173044166447e-01 2.622044280885197365e-01 6.638279145756216526e-02 5.225838233609007843e-02 -2.436341964379453232e-02 9.974996478288298274e-01 2.501178879405471234e-01 2.825114625893034026e-02 8.695530191678098320e-02 2.964495490587562010e-01 2.268398109852798050e-01 8.343566603510449431e-02 2.839861947880741866e-01 3.276118875003632414e-01 1.543792530162760857e-01 -3.810488088860931877e-02 8.545198564508946909e-03 3.374624319281304685e-01 1.916581549048478883e-01 2.204794962128865665e-01 3.909849311858933918e-01 3.678751426476299935e-01 2.328636017354116516e-01 5.302722478032474707e-02 4.144846726637659295e-01 9.327220680815614950e-02 3.208468329035763511e-01 2.944567217302225259e-01 2.325852437940953421e-01 8.673175814696780506e-02 1.667098180299215748e-01 2.389330529841327821e-01 -2.733217888399432603e-03 3.656355866023111578e-01 2.991559384341057615e-01 4.214375493002385786e-01 2.490267874813680282e-01 1.865691698807728227e-01 2.693793221669042448e-01 2.710580504604371832e-01 1.971681109073386007e-01 1.875931540394296104e-01 2.377677044760378722e-01 5.471978082753196082e-01 1.479514368434566851e-01 1.231148497721408358e-01 7.759629741334796160e-02 1.321665652253407874e-01 2.789799581649529681e-01 2.358760487063210898e-01 8.866217568285465755e-02 1.725806340863557109e-01 4.976520729521541342e-02 3.998037075811327612e-01 1.260255120206127677e-01 1.091789241677353223e-01 5.212066345052364102e-01 1.651037891380343903e-01
7.078319949391709276e-02 6.168134217837293459e-02 3.703766471031831875e-01 6.590872430062583859e-03 5.786127509437919564e-02 1.665135629258780170e-01 1.912305556516133154e-01 1.758357659805951934e-01 1.041286629396500629e-01 3.921311778533402848e-01 1.544868550098571491e-01 2.501178879405471234e-01 9.974999915162030550e-01 3.765405517181041190e-02 5.339158728677599608e-02 3.118197349467132229e-01 1.472245193587345402e-01 1.752631986263462616e-01 1.813210853890758756e-01 2.712652397428951256e-01 1.601129157525561786e-02 3.270603468196324470e-02 1.944656692715865387e-02 4.439350537214457604e-01 1.273102536457323686e-01 1.363549878685116901e-01 2.083050215399172844e-01 1.979338621115727670e-01 2.768582467133063885e-01 5.437312838851197233e-02 3.203463571312787361e-01 8.367769157715120032e-02 2.193190905685454828e-01 1.909452809469542600e-01 1.891786581667718736e-01 1.621664761298780288e-01 1.421580910296680322e-01 1.612440326759557174e-01 1.182356357714792368e-02 1.891665786524756587e-01 1.579101562590145835e-01 2.852466550610484597e-01 1.608534215401656309e-01 2.676446556901810325e-01 1.993107497965268537e-01 4.058433169942589624e-01 1.389437698262874221e-01 1.438630456149405379e-01 1.732846988730841198e-01 2.007225430142223488e-01 1.163321799373643051e-01 9.284472923158373914e-02 6.383262110931807454e-02 1.148197181870044270e-01 2.896217739251417678e-01 1.823749083201990917e-01 3.147718023583760960e-01 1.428071003671760597e-01 6.269638017234452354e-02 3.592457023632454893e-01 8.323056423224234335e-02 1.061726619714802589e-01 2.685889592617363153e-01 1.222710809228425427e-01
3.584856013098846050e-01 4.428726539404422707e-02 4.784370546831910598e-02 6.399612502490961141e-01 6.009171471261146591e-01 6.657156652567033928e-02 1.615874901950331011e-01 5.782408504484547185e-02 1.822782205417933232e-01 -4.720336581846384938e-02 6.363446451815359117e-02 2.825114625893034026e-02 3.765405517181041190e-02 9.975001183166729568e-01 1.275767133622714988e-01 7.354196589979761223e-02 9.380997592562037579e-02 3.251053953125195295e-01 3.967492421607544256e-02 7.533678685056631463e-02 8.783867936519693109e-02 8.011267412464886939e-02 1.991847289995092030e-01 5.990086122816583314e-02 9.042383295718525726e-02 -1.947600192980544070e-02 5.003048360058835742e-02 8.142157823593619559e-02 2.894152627911048339e-02 4.168363109548234857e-01 6.352275501757351228e-02 3.543855001952292416e-01 6.608021111453393770e-02 3.833666365656172859e-02 1.188617258375515573e-01 3.286555413742413001e-01 -2.882546460558970541e-02 5.583152764930876533e-03 4.916939031465575316e-01 8.797860005852864429e-02 -2.955355698892892305e-02 7.091989049000851919e-02 3.626504067456847585e-02 5.302421628452992641e-02 4.304104594976621012e-02 3.335453071616241438e-02 1.062845086343078005e-01 -6.324085072527900475e-03 5.943030496934283841e-02 3.080968238272749349e-02 1.036171783932922641e-01 1.228833270461344024e-01 4.094075845273353886e-01 2.810993722152722585e-01 4.052387621247247051e-02 1.973766309514474182e-01 1.813270108281672122e-01 -8.144824330047119310e-02 5.970778200731789997e-01 5.572623434048820656e-02 2.541241088340739918e-01 2.442292132749267208e-01 -5.001898304240173093e-02 1.634322466184134071e-01
2.056751020097334348e-01 5.447976052173428285e-02 7.554507548251797322e-02 1.178341594005974380e-01 1.285026145021022359e-01 8.778104608752236582e-02 1.171473121054147776e-01 6.457435863458242664e-02 2.926775774003427810e-01 -1.863527730232661384e-02 8.378511017459881749e-02 8.695530191678098320e-02 5.339158728677599608e-02 1.275767133622714988e-01 9.975002832796270313e-01 8.135982921173706695e-02 1.018468105312341221e-01 1.309014150849893143e-01 6.018923712327972630e-02 8.305328296687269907e-02 8.414811175000252996e-02 1.193702067825468810e-03 5.001837722381969470e-02 7.830443052350766209e-02 1.069796929661394752e-01 -1.108594178712896117e-03 9.134450291472573369e-02 1.412599910177986251e-01 5.055721825726110230e-02 1.249259655454152962e-01 8.034728205576473214e-02 1.261490361752148903e-01 8.926846821277431565e-02 6.715850058002542644e-02 6.569367948756638098e-02 1.074542912540802780e-01 1.237668087778372172e-03 8.463005739133074024e-02 9.314554473499551956e-02 1.541749865017000565e-01 3.407563112409659617e-02 9.441426370540811908e-02 5.949898280623763108e-02 4.875553034944626885e-02 6.018507466925572535e-02 5.870700792892746822e-02 9.807744590449588018e-02 7.775481929161545680e-02 8.615312663608794275e-02 8.571395567369433088e-02 1.387306423205540151e-01 1.156513652989836910e-01 1.316905506583130880e-01 1.696505295138284186e-01 5.763401346074412818e-02 1.206331210860527026e-01 8.104255643270275034e-02 2.503155441881426552e-02 1.331583053106549508e-01 7.724954312417287028e-02 1.005214417663716220e-01 1.536032481201156930e-01 5.782732259690012699e-02 1.768709585084974611e-01
7.567390603018776807e-02 1.075137180639738621e-01 3.930503736527563019e-01 5.845844848486888429e-02 9.986824859811792299e-02 2.205462533932841529e-01 2.585234029480210638e-01 2.215573596736936379e-01 9.349484614969760798e-02 6.884844657363647924e-02 -1.458619570260716314e-02 2.964495490587562010e-01 3.118197349467132229e-01 7.354196589979761223e-02 8.135982921173706695e-02 9.974995228015427484e-01 2.041453451099802252e-01 9.231250953009315086e-02 2.319858548633514372e-01 3.585953808074426874e-01 1.415243046644613367e-01 -4.444923207341075488e-02 2.509174812093816279e-02 5.338498919146357213e-01 1.673086810547866343e-01 1.901976780151172219e-01 3.039020588660306665e-01 2.608372189029306565e-01 4.882056286801562672e-01 7.032322613451219562e-02 3.458831743047186547e-01 1.485170028008588050e-01 2.703049791081592046e-01 2.198116132559374547e-01 2.342755053854729264e-01 1.012385704499535743e-01 1.918358446965079400e-01 2.780973480252507679e-01 2.510082747386820079e-02 2.618704429595277161e-01 1.708061248436674173e-01 3.822287464888622366e-01 1.861889770387150089e-01 1.762303561415699271e-01 2.422247826869478315e-01 4.451784371206195523e-01 1.941675286195153338e-01 1.837199405458492252e-01 3.518950995773951207e-01 2.582735933336982592e-01 1.649100840507094490e-01 1.732164816266507923e-01 9.644458366086808287e-02 1.247593080204668359e-01 4.792497667588868082e-01 4.146591382744930221e-01 1.048198339847634802e-01 1.763951398457443975e-01 7.639243036183651636e-02 3.381644516178877735e-01 1.290268202454201429e-01 1.429253934247906588e-01 2.638462612758113446e-01 1.628265101160752126e-01
7.968895462773158134e-02 1.024392846788562961e-01 2.110307009086858920e-01 7.535028133354694513e-02 1.054398204939711314e-01 5.416647587698688593e-01 2.368684873289261805e-01 2.670084598238539053e-01 7.282707098865473516e-02 9.577252850133326223e-03 -2.990097534620315967e-02 2.268398109852798050e-01 1.472245193587345402e-01 9.380997592562037579e-02 1.018468105312341221e-01 2.041453451099802252e-01 9.974995664219089564e-01 9.430032120458890776e-02 3.230306876573171282e-01 2.243473548323572653e-01 1.341213882600404139e-01 -2.018858489242742610e-02 8.645214679346505116e-02 2.121685223158096822e-01 2.488198508842820456e-01 2.557876759349305140e-01 1.641307238115044531e-01 2.767741231457833684e-01 1.549443007069339628e-01 1.167842381649231154e-01 2.384786691865861952e-01 1.239324397490963736e-01 2.599326007271239303e-01 2.529295022303935103e-01 1.587330879359155900e-01 1.036367220543368967e-01 1.833280177971039759e-01 2.943037467732401158e-01 5.996868477157688004e-02 3.832773140981543536e-01 1.444807832812742276e-01 2.492484992705376323e-01 1.942285647901225432e-01 1.604412272311225296e-01 2.716332916115840046e-01 1.657560676057127647e-01 2.310886857115792559e-01 1.401289206522489394e-01 2.223393085956947290e-01 2.262892910054007389e-01 1.305008415855819504e-01 1.700624532799865640e-01 9.489732708450747400e-02 1.178128071281617645e-01 1.924401044207764699e-01 1.803058634892208689e-01 7.629213100137764714e-02 1.140283781189810886e-01 1.092909175334869781e-01 2.341893914812796795e-01 2.353240430943658590e-01 1.911051993532751347e-01 2.000308450763464974e-01 2.893771105601291582e-01
3.484507181192753600e-01 3.741369813830595220e-02 9.955458845626587172e-02 2.701169105581431862e-01 4.017476675998503111e-01 7.558137280494386934e-02 1.502099863949751257e-01 6.434440621397100046e-02 2.474044628253012357e-01 1.897414151079072075e-01 1.950464838249790778e-01 8.343566603510449431e-02 1.752631986263462616e-01 3.251053953125195295e-01 1.309014150849893143e-01 9.231250953009315086e-02 9.430032120458890776e-02 9.975003690786536925e-01 5.204494851425342516e-02 8.502310658610326422e-02 3.241041138704318925e-02 1.917159114741751880e-01 1.100804867857083646e-01 1.053730040771759940e-01 9.063588517943016454e-02 -1.380194575023198020e-02 1.089766846136274447e-01 9.471565442064697193e-02 6.129512476506870228e-02 2.454884049035062910e-01 9.990658451454183242e-02 2.081067403902871205e-01 9.385790573963716243e-02 7.859669645512208647e-02 1.122107787841052362e-01 4.652509867908547481e-01 -1.727838905077645065e-02 7.004429552822037663e-02 2.196034270608380745e-01 1.002890403461441787e-01 1.300292382946595729e-02 1.038418075951613034e-01 9.195311595978561403e-02 1.547132771558160091e-01 6.099043864793081415e-02 8.878563735329633722e-02 1.017700829464983914e-01 1.075358331571095449e-01 7.883587421158516628e-02 7.606910723455481693e-02 1.325632188946152812e-01 1.006917736271926572e-01 2.759784526274429162e-01 3.621713248917150518e-01 3.083386239978699178e-02 1.494254732251950601e-01 5.153686518109185100e-01 -2.924245791321087012e-04 3.187756728486200730e-01 9.972261573661106437e-02 1.567569119528113009e-01 2.181461126556425156e-01 4.851327003602280696e-02 1.425912279115352788e-01
-1.697769338724560567e-03 1.555294275852460717e-01 2.801535609388693393e-01 3.616900024358899596e-02 6.813704088610467169e-02 4.731137377824643497e-01 2.596053798688519598e-01 5.429992243802617136e-01 -5.239789648298364549e-02 -9.534295411879830512e-03 -1.494887157993105009e-01 2.839861947880741866e-01 1.813210853890758756e-01 3.967492421607544256e-02 6.018923712327972630e-02 2.319858548633514372e-01 3.230306876573171282e-01 5.204494851425342516e-02 9.975002741109395554e-01 3.049004646988994205e-01 1.649053247574940873e-01 -1.696697820064137219e-02 1.100262463403599428e-01 2.676585704652791886e-01 2.657374213171222466e-01 5.111610730667240921e-01 1.324663223599075179e-01 3.490903906021776137e-01 2.029441808417948856e-01 1.056384768393532625e-01 3.617241824055988375e-01 3.953323691036773196e-02 4.410198320273271411e-01 4.540839810540017729e-01 2.213182448245304135e-01 5.678345068046729976e-02 3.527469735536484796e-01 1.801783465228113390e-01 2.440407353863294562e-02 3.463780239243399173e-01 2.498399534800743726e-01 3.411319159269933787e-01 3.361644756246897625e-01 2.605801603708857161e-01 4.550889384563928663e-01 2.129584580754996792e-01 2.705263758493773874e-01 8.112416371535997872e-02 1.896225269361745402e-01 2.547503404987186970e-01 5.453459733431190171e-02 5.999383481635973264e-02 6.423268026255010699e-02 1.066195566177992604e-01 2.580013857769112295e-01 1.370802005709015337e-01 3.274948254742758580e-02 1.805486536985502211e-01 4.357469401978592005e-02 3.078176273750561354e-01 1.255761809509101656e-01 5.970146316112684426e-02 2.990638630842124557e-01 2.358918220470445637e-01
6.250863401288309085e-02 1.299506992699725749e-01 3.834967006047010352e-01 6.788279286499156184e-02 1.017797851669477449e-01 2.663728982829066116e-01 2.881383400040392617e-01 3.121934349925777896e-01 5.513647960965865902e-02 3.952283765365052770e-02 -5.241895762605811027e-02 3.276118875003632414e-01 2.712652397428951256e-01 7.533678685056631463e-02 8.305328296687269907e-02 3.585953808074426874e-01 2.243473548323572653e-01 8.502310658610326422e-02 3.049004646988994205e-01 9.975003311407475426e-01 1.707996661995649923e-01 -3.417716298053762036e-02 5.484180839914454958e-02 3.983424537779734487e-01 1.958489499701519532e-01 2.554122684793381226e-01 2.320476023891175910e-01 3.677916564573840419e-01 2.720324321499854037e-01 8.978294128766217685e-02 4.797031852939233620e-01 1.155592775229675739e-01 3.076059051040735404e-01 2.726902363010431096e-01 2.873597495311452366e-01 9.428052275070204769e-02 2.446856899596046020e-01 2.059068947446692777e-01 3.767552317772263765e-02 3.042776782605288721e-01 2.136997766087410100e-01 3.538634614346928275e-01 2.244684132719102776e-01 2.130476577866083354e-01 3.910559804252835558e-01 2.952118900735873908e-01 2.184515577681199472e-01 1.365062832705727092e-01 2.406631693134958783e-01 2.659066511655767684e-01 1.268874929564861864e-01 1.303891307663149479e-01 1.043830300112117693e-01 1.262846173375769543e-01 4.728399741879927287e-01 3.265914428261067481e-01 8.437053132003805023e-02 1.549633033746883048e-01 8.077013892260816175e-02 4.295864763396835539e-01 1.369402624223557130e-01 1.162827808442130906e-01 2.981776163372082955e-01 1.805675667561161546e-01
6.094975857486861770e-02 3.181909346722161525e-01 1.280030484596496598e-01 9.174031310598615430e-02 1.018248323182659038e-01 1.437724994150983426e-01 2.791701699226315503e-01 1.673700848462097990e-01 9.437866146049291027e-02 -2.342617857640837686e-01 -7.678707123832650971e-02 1.543792530162760857e-01 1.601129157525561786e-02 8.783867936519693109e-02 8.414811175000252996e-02 1.415243046644613367e-01 1.341213882600404139e-01 3.241041138704318925e-02 1.649053247574940873e-01 1.707996661995649923e-01 9.974997070854738634e-01 -3.702231272534479978e-02 3.892628816880820686e-02 1.408194758632685950e-01 1.108675723488221909e-01 1.213279482518206387e-01 1.064238023000092237e-01 2.427439586369227742e-01 9.933556679369959230e-02 7.293989361505488767e-02 1.497044234499165238e-01 8.939868578519989673e-02 2.021484558163784417e-01 1.367410755033708902e-01 1.009928599193472554e-01 4.491764596674110294e-02 1.167426075728030255e-01 1.047641669502438894e-01 5.726101583797444522e-02 2.188407072591582458e-01 1.180031377840116413e-01 2.162892671204696415e-01 1.049478597186845885e-01 7.597366642670566605e-02 1.594793092998711137e-01 9.276468657287846586e-02 1.125330056326959843e-01 6.199298704190145393e-02 1.145690586943036715e-01 1.379141654426324359e-01 9.303838872100811397e-02 9.849617490914029660e-02 8.116088103571331147e-02 7.659988447667724631e-02 1.346382266614062906e-01 1.786754497078825998e-01 -4.943667919157081203e-02 6.521338105916833772e-02 8.727483321552555184e-02 1.350145277985014269e-01 1.304647868547792466e-01 9.252966464319650752e-02 1.286610847912433298e-01 1.047545488799114938e-01
5.260942405870479982e-02 -2.111369855524585643e-02 -2.990778970371848686e-02 7.501716926821891396e-02 7.779725442635164467e-02 -1.723581482396787518e-02 -1.224774265125296024e-02 -1.297809775444555037e-02 -1.572067068504041584e-02 8.815194293383030177e-02 5.965928581991129798e-02 -3.810488088860931877e-02 3.270603468196324470e-02 8.011267412464886939e-02 1.193702067825468810e-03 -4.444923207341075488e-02 -2.018858489242742610e-02 1.917159114741751880e-01 -1.696697820064137219e-02 -3.417716298053762036e-02 -3.702231272534479978e-02 9.974995549849484666e-01 7.107757985804195877e-02 -2.963064403440506672e-02 3.227571706351184400e-03 -1.633379126970153222e-02 -5.360873210698986757e-02 -2.184084001551246657e-02 -2.786918092224835442e-02 1.283072232853052774e-01 -2.559076330328575316e-02 -7.401273892171162348e-03 -1.174628043503760447e-02 -6.941429739795655987e-03 -2.610514809641690907e-03 1.307274770853444623e-01 -1.504235317493236856e-02 -6.645416337174475663e-02 7.644409674944313560e-02 -2.415585567825554239e-02 -7.120727717744351759e-02 -2.894330115510612006e-02 -7.252053180288337703e-04 5.855964793295227039e-02 -1.329923027854538684e-02 -2.273445174733182764e-02 -4.351642959070714523e-05 -5.746712702908191028e-02 -4.816910779330069170e-02 -3.573633045729671803e-02 -1.653899017124886295e-01 -1.226720722209516667e-01 5.532391057249205074e-02 5.583293379747274188e-02 -6.251558827543295116e-02 -5.714838019170565692e-02 2.151126360948335814e-01 -7.440258008507642795e-02 7.943052737795563978e-02 -2.188171222497029347e-02 5.702539958982033932e-03 -3.142205992551021926e-02 -4.842512762189662978e-02 2.600262785234682544e-02
1.006444440480510627e-01 3.580664648089812441e-02 2.199878506676255369e-02 2.017606692830152260e-01 2.149862152860426145e-01 1.072887117220472225e-01 6.233092154695456244e-02 1.205023381319233478e-01 -3.504075762056755444e-02 -2.815848265343008291e-02 -3.568935683956520055e-02 8.545198564508946909e-03 1.944656692715865387e-02 1.991847289995092030e-01 5.001837722381969470e-02 2.509174812093816279e-02 8.645214679346505116e-02 1.100804867857083646e-01 1.100262463403599428e-01 5.484180839914454958e-02 3.892628816880820686e-02 7.107757985804195877e-02 9.975000653710326404e-01 2.713870571953221414e-02 1.485298142858278991e-01 1.527281280016089260e-01 -1.314145505107449374e-01 6.145133475939097700e-02 2.361616560206517348e-02 4.032655802681093249e-01 5.309085625723905522e-02 5.731631008809624089e-02 7.335199296765057553e-02 1.020735166099405872e-01 8.996007127994502806e-02 9.153201377871433841e-02 9.822326172400895616e-02 -1.727581509825819317e-02 1.823064374865856485e-01 7.452928084913323925e-02 3.032772921331244875e-02 4.665828348603778819e-02 9.870817548935943708e-02 6.712303636801032758e-02 1.159232740121611954e-01 1.881124721761266716e-02 1.706152613031979848e-01 -7.629586888728180638e-02 3.452795377358500867e-02 7.663839588110380255e-03 -8.747090980897351264e-02 -9.267125346693116245e-03 1.553073731125107493e-01 1.024926523591644240e-01 3.690436484978770748e-02 2.728257203368662093e-02 5.129328047011336156e-02 -4.677158669492026757e-03 1.582588522873771830e-01 4.087593288370122008e-02 7.552775685945768702e-02 3.166544883641806557e-02 1.926585839737324918e-02 2.659598138422499813e-01
6.834890039108179605e-02 1.131343855010887300e-01 4.560562818813825858e-01 4.199911872346434594e-02 8.643875994773264626e-02 2.385747042772415338e-01 3.203909090120287684e-01 2.510634624123290193e-01 7.991458729073677714e-02 1.235282549422626885e-01 -1.619318400602972469e-03 3.374624319281304685e-01 4.439350537214457604e-01 5.990086122816583314e-02 7.830443052350766209e-02 5.338498919146357213e-01 2.121685223158096822e-01 1.053730040771759940e-01 2.676585704652791886e-01 3.983424537779734487e-01 1.408194758632685950e-01 -2.963064403440506672e-02 2.713870571953221414e-02 9.975001299512050723e-01 1.772854398394343445e-01 2.164833372867444594e-01 3.068317925402325175e-01 2.967062311850637846e-01 4.572834089596746754e-01 6.927716446605246270e-02 4.076784973211314278e-01 1.143078249007688368e-01 3.215835713037145660e-01 2.510684163508609679e-01 2.593766080212167036e-01 1.163587169647887221e-01 2.118007344715210072e-01 2.350829787053382303e-01 2.119751970606181118e-02 2.865595476403209885e-01 1.981136536349483168e-01 4.761227236259585882e-01 2.129378661008410611e-01 2.167827218715652204e-01 2.733895277231348508e-01 4.513355137675506001e-01 1.953892050911524569e-01 1.740317657360153925e-01 2.701847808127803008e-01 2.785152219547336605e-01 1.522878362739753244e-01 1.379920711562483415e-01 8.767901036940722870e-02 1.285795659066203411e-01 4.989540987992548970e-01 2.979641473680756381e-01 1.410674086500042779e-01 1.921334997333188632e-01 7.514073842989410501e-02 4.170188941623116929e-01 1.395095132774306634e-01 1.282235421891816107e-01 3.086116751930209068e-01 1.645897149674211968e-01
