PS C:\MyLab\UIUC\Research\JNER\src> python .\CALGAT2.py
PyTorch version: 2.6.0+cpu
PyTorch Geometric version: 2.6.1
Device: cpu
Using Covariance Node Features
Loading data from: C:\MyLab\UIUC\Research\JNER\preprocessed\fcm
Using Covariance Node Features. Input feature dimension inferred as: 64
Data object __dict__ in prepare_graph_data with covariance features: {'_edge_attr_cls': <class 'torch_geometric.data.data.DataEdgeAttr'>, '_tensor_attr_cls': <class 'torch_geometric.data.data.DataTensorAttr'>, '_store': {'x': tensor([[0.0000, 0.1266, 0.0562,  ..., 0.2353, 0.1585, 0.2156],
        [0.1266, 0.0000, 0.1935,  ..., 0.1008, 0.1533, 0.0554],
        [0.0562, 0.1935, 0.0000,  ..., 0.1106, 0.1683, 0.0424],
        ...,
        [0.2353, 0.1008, 0.1106,  ..., 0.0000, 0.1579, 0.0847],
        [0.1585, 0.1533, 0.1683,  ..., 0.1579, 0.0000, 0.0953],
        [0.2156, 0.0554, 0.0424,  ..., 0.0847, 0.0953, 0.0000]]), 'edge_index': tensor([[ 0,  0,  0,  ..., 63, 63, 63],
        [ 1,  2,  3,  ..., 60, 61, 62]]), 'edge_attr': tensor([0.1305, 0.0502, 0.4495,  ..., 0.2149, 0.1384, 0.2336])}}
Data object __dict__ in prepare_graph_data with covariance features: {'_edge_attr_cls': <class 'torch_geometric.data.data.DataEdgeAttr'>, '_tensor_attr_cls': <class 'torch_geometric.data.data.DataTensorAttr'>, '_store': {'x': tensor([[ 0.0000, -0.0270, -0.1391,  ...,  0.5842,  0.1437,  0.3564],
        [-0.0270,  0.0000,  0.1371,  ...,  0.0116,  0.0090, -0.0123],
        [-0.1391,  0.1371,  0.0000,  ..., -0.0651,  0.1327, -0.0272],
        ...,
        [ 0.5842,  0.0116, -0.0651,  ...,  0.0000,  0.2151,  0.2879],
        [ 0.1437,  0.0090,  0.1327,  ...,  0.2151,  0.0000,  0.1527],
        [ 0.3564, -0.0123, -0.0272,  ...,  0.2879,  0.1527,  0.0000]]), 'edge_index': tensor([[ 0,  0,  0,  ..., 63, 63, 63],
        [ 3,  5,  6,  ..., 60, 61, 62]]), 'edge_attr': tensor([0.1617, 0.6791, 0.0263,  ..., 0.2140, 0.4324, 0.1804])}}
Data object __dict__ in prepare_graph_data with covariance features: {'_edge_attr_cls': <class 'torch_geometric.data.data.DataEdgeAttr'>, '_tensor_attr_cls': <class 'torch_geometric.data.data.DataTensorAttr'>, '_store': {'x': tensor([[ 0.0000, -0.1210, -0.0760,  ...,  0.3553, -0.1726,  0.2244],
        [-0.1210,  0.0000,  0.0334,  ..., -0.1064,  0.0365, -0.0261],
        [-0.0760,  0.0334,  0.0000,  ..., -0.0503,  0.2164,  0.0429],
        ...,
        [ 0.3553, -0.1064, -0.0503,  ...,  0.0000, -0.0966,  0.1302],
        [-0.1726,  0.0365,  0.2164,  ..., -0.0966,  0.0000,  0.0410],
        [ 0.2244, -0.0261,  0.0429,  ...,  0.1302,  0.0410,  0.0000]]), 'edge_index': tensor([[ 0,  0,  0,  ..., 63, 63, 63],
        [ 3,  4,  6,  ..., 60, 61, 62]]), 'edge_attr': tensor([0.7199, 0.5673, 0.3833,  ..., 0.0879, 0.2132, 0.0166])}}
Data object __dict__ in prepare_graph_data with covariance features: {'_edge_attr_cls': <class 'torch_geometric.data.data.DataEdgeAttr'>, '_tensor_attr_cls': <class 'torch_geometric.data.data.DataTensorAttr'>, '_store': {'x': tensor([[ 0.0000,  0.0894,  0.0059,  ...,  0.0705,  0.0514,  0.0098],
        [ 0.0894,  0.0000,  0.2715,  ...,  0.1323,  0.0875,  0.0601],
        [ 0.0059,  0.2715,  0.0000,  ...,  0.0860, -0.1234,  0.1159],
        ...,
        [ 0.0705,  0.1323,  0.0860,  ...,  0.0000,  0.0410,  0.0377],
        [ 0.0514,  0.0875, -0.1234,  ...,  0.0410,  0.0000, -0.0928],
        [ 0.0098,  0.0601,  0.1159,  ...,  0.0377, -0.0928,  0.0000]]), 'edge_index': tensor([[ 0,  0,  0,  ..., 63, 63, 63],
        [ 1,  3,  4,  ..., 57, 59, 61]]), 'edge_attr': tensor([0.1725, 0.5270, 0.2271,  ..., 0.2488, 0.2255, 0.1600])}}
Data object __dict__ in prepare_graph_data with covariance features: {'_edge_attr_cls': <class 'torch_geometric.data.data.DataEdgeAttr'>, '_tensor_attr_cls': <class 'torch_geometric.data.data.DataTensorAttr'>, '_store': {'x': tensor([[ 0.0000e+00,  7.8801e-02,  1.0224e-01,  ...,  4.7608e-01,
         -5.8846e-05,  1.3693e-01],
        [ 7.8801e-02,  0.0000e+00,  2.2024e-01,  ...,  4.3480e-02,
          4.5782e-02,  6.0967e-02],
        [ 1.0224e-01,  2.2024e-01,  0.0000e+00,  ...,  9.3468e-03,
          2.0609e-01,  1.5329e-01],
        ...,
        [ 4.7608e-01,  4.3480e-02,  9.3468e-03,  ...,  0.0000e+00,
         -4.1860e-02,  9.9360e-02],
        [-5.8846e-05,  4.5782e-02,  2.0609e-01,  ..., -4.1860e-02,
          0.0000e+00,  5.7784e-02],
        [ 1.3693e-01,  6.0967e-02,  1.5329e-01,  ...,  9.9360e-02,
          5.7784e-02,  0.0000e+00]]), 'edge_index': tensor([[ 0,  0,  0,  ..., 63, 63, 63],
        [ 1,  2,  3,  ..., 60, 61, 62]]), 'edge_attr': tensor([0.0740, 0.0855, 0.5977,  ..., 0.3491, 0.2262, 0.0348])}}
Data object __dict__ in prepare_graph_data with covariance features: {'_edge_attr_cls': <class 'torch_geometric.data.data.DataEdgeAttr'>, '_tensor_attr_cls': <class 'torch_geometric.data.data.DataTensorAttr'>, '_store': {'x': tensor([[ 0.0000e+00, -3.4461e-03,  8.9729e-02,  ...,  4.7630e-01,
          9.5639e-02,  1.9355e-01],
        [-3.4461e-03,  0.0000e+00,  2.8990e-01,  ..., -1.3439e-01,
          2.7635e-01,  1.4231e-01],
        [ 8.9729e-02,  2.8990e-01,  0.0000e+00,  ..., -1.1917e-02,
          2.2515e-01,  1.5006e-01],
        ...,
        [ 4.7630e-01, -1.3439e-01, -1.1917e-02,  ...,  0.0000e+00,
          4.7599e-04,  1.5851e-01],
        [ 9.5639e-02,  2.7635e-01,  2.2515e-01,  ...,  4.7599e-04,
          0.0000e+00,  2.5326e-01],
        [ 1.9355e-01,  1.4231e-01,  1.5006e-01,  ...,  1.5851e-01,
          2.5326e-01,  0.0000e+00]]), 'edge_index': tensor([[ 0,  0,  0,  ..., 63, 63, 63],
        [ 2,  3,  4,  ..., 60, 61, 62]]), 'edge_attr': tensor([0.0688, 0.6373, 0.0638,  ..., 0.2897, 0.3295, 0.4215])}}
Data object __dict__ in prepare_graph_data with covariance features: {'_edge_attr_cls': <class 'torch_geometric.data.data.DataEdgeAttr'>, '_tensor_attr_cls': <class 'torch_geometric.data.data.DataTensorAttr'>, '_store': {'x': tensor([[0.0000, 0.0231, 0.0701,  ..., 0.2830, 0.0123, 0.1304],
        [0.0231, 0.0000, 0.1104,  ..., 0.0527, 0.1480, 0.0862],
        [0.0701, 0.1104, 0.0000,  ..., 0.1155, 0.3902, 0.1608],
        ...,
        [0.2830, 0.0527, 0.1155,  ..., 0.0000, 0.0445, 0.1542],
        [0.0123, 0.1480, 0.3902,  ..., 0.0445, 0.0000, 0.1509],
        [0.1304, 0.0862, 0.1608,  ..., 0.1542, 0.1509, 0.0000]]), 'edge_index': tensor([[ 0,  0,  0,  ..., 63, 63, 63],
        [ 2,  3,  4,  ..., 60, 61, 62]]), 'edge_attr': tensor([0.0202, 0.5059, 0.4020,  ..., 0.3112, 0.3282, 0.1288])}}
Data object __dict__ in prepare_graph_data with covariance features: {'_edge_attr_cls': <class 'torch_geometric.data.data.DataEdgeAttr'>, '_tensor_attr_cls': <class 'torch_geometric.data.data.DataTensorAttr'>, '_store': {'x': tensor([[0.0000, 0.0772, 0.1338,  ..., 0.2838, 0.0507, 0.1141],
        [0.0772, 0.0000, 0.2853,  ..., 0.1021, 0.1873, 0.2045],
        [0.1338, 0.2853, 0.0000,  ..., 0.1673, 0.1724, 0.2808],
        ...,
        [0.2838, 0.1021, 0.1673,  ..., 0.0000, 0.0705, 0.1412],
        [0.0507, 0.1873, 0.1724,  ..., 0.0705, 0.0000, 0.1744],
        [0.1141, 0.2045, 0.2808,  ..., 0.1412, 0.1744, 0.0000]]), 'edge_index': tensor([[ 0,  0,  0,  ..., 63, 63, 63],
        [ 1,  2,  3,  ..., 60, 61, 62]]), 'edge_attr': tensor([0.0300, 0.2643, 0.4971,  ..., 0.3012, 0.2013, 0.2498])}}
Data object __dict__ in prepare_graph_data with covariance features: {'_edge_attr_cls': <class 'torch_geometric.data.data.DataEdgeAttr'>, '_tensor_attr_cls': <class 'torch_geometric.data.data.DataTensorAttr'>, '_store': {'x': tensor([[0.0000, 0.1099, 0.0634,  ..., 0.3906, 0.0724, 0.2358],
        [0.1099, 0.0000, 0.0578,  ..., 0.1379, 0.1437, 0.0991],
        [0.0634, 0.0578, 0.0000,  ..., 0.1063, 0.0086, 0.0240],
        ...,
        [0.3906, 0.1379, 0.1063,  ..., 0.0000, 0.0255, 0.1652],
        [0.0724, 0.1437, 0.0086,  ..., 0.0255, 0.0000, 0.1986],
        [0.2358, 0.0991, 0.0240,  ..., 0.1652, 0.1986, 0.0000]]), 'edge_index': tensor([[ 0,  0,  0,  ..., 63, 63, 63],
        [ 1,  2,  3,  ..., 60, 61, 62]]), 'edge_attr': tensor([0.0772, 0.0813, 0.2880,  ..., 0.0900, 0.1902, 0.2297])}}
Data object __dict__ in prepare_graph_data with covariance features: {'_edge_attr_cls': <class 'torch_geometric.data.data.DataEdgeAttr'>, '_tensor_attr_cls': <class 'torch_geometric.data.data.DataTensorAttr'>, '_store': {'x': tensor([[ 0.0000, -0.2742, -0.0713,  ...,  0.5032,  0.1569,  0.2634],
        [-0.2742,  0.0000,  0.3504,  ..., -0.2378, -0.0904, -0.1422],
        [-0.0713,  0.3504,  0.0000,  ..., -0.0606,  0.0742,  0.0136],
        ...,
        [ 0.5032, -0.2378, -0.0606,  ...,  0.0000,  0.0494,  0.1598],
        [ 0.1569, -0.0904,  0.0742,  ...,  0.0494,  0.0000,  0.2707],
        [ 0.2634, -0.1422,  0.0136,  ...,  0.1598,  0.2707,  0.0000]]), 'edge_index': tensor([[ 0,  0,  0,  ..., 63, 63, 63],
        [ 3,  5,  6,  ..., 60, 61, 62]]), 'edge_attr': tensor([0.0481, 0.5905, 0.5798,  ..., 0.3258, 0.2269, 0.4245])}}
Data object __dict__ in prepare_graph_data with covariance features: {'_edge_attr_cls': <class 'torch_geometric.data.data.DataEdgeAttr'>, '_tensor_attr_cls': <class 'torch_geometric.data.data.DataTensorAttr'>, '_store': {'x': tensor([[ 0.0000, -0.0424, -0.0926,  ...,  0.4659,  0.2129,  0.2967],
        [-0.0424,  0.0000,  0.2987,  ..., -0.0377,  0.0367, -0.0012],
        [-0.0926,  0.2987,  0.0000,  ..., -0.0906, -0.0019, -0.0279],
        ...,
        [ 0.4659, -0.0377, -0.0906,  ...,  0.0000,  0.2985,  0.4043],
        [ 0.2129,  0.0367, -0.0019,  ...,  0.2985,  0.0000,  0.3516],
        [ 0.2967, -0.0012, -0.0279,  ...,  0.4043,  0.3516,  0.0000]]), 'edge_index': tensor([[ 0,  0,  0,  ..., 63, 63, 63],
        [ 3,  4,  5,  ..., 60, 61, 62]]), 'edge_attr': tensor([0.3598, 0.0138, 0.3910,  ..., 0.4417, 0.5550, 0.4212])}}
Data object __dict__ in prepare_graph_data with covariance features: {'_edge_attr_cls': <class 'torch_geometric.data.data.DataEdgeAttr'>, '_tensor_attr_cls': <class 'torch_geometric.data.data.DataTensorAttr'>, '_store': {'x': tensor([[ 0.0000e+00, -8.6305e-04,  2.0805e-02,  ...,  3.9790e-01,
         -1.9340e-02,  5.1745e-03],
        [-8.6305e-04,  0.0000e+00,  5.4508e-03,  ...,  2.4547e-03,
          2.9547e-02,  3.3906e-03],
        [ 2.0805e-02,  5.4508e-03,  0.0000e+00,  ...,  2.8428e-02,
         -3.7738e-04, -1.0716e-02],
        ...,
        [ 3.9790e-01,  2.4547e-03,  2.8428e-02,  ...,  0.0000e+00,
          8.9256e-03,  3.0998e-03],
        [-1.9340e-02,  2.9547e-02, -3.7738e-04,  ...,  8.9256e-03,
          0.0000e+00,  8.2956e-03],
        [ 5.1745e-03,  3.3906e-03, -1.0716e-02,  ...,  3.0998e-03,
          8.2956e-03,  0.0000e+00]]), 'edge_index': tensor([[ 0,  0,  0,  ..., 63, 63, 63],
        [ 1,  3,  4,  ..., 60, 61, 62]]), 'edge_attr': tensor([0.0026, 0.4154, 0.0514,  ..., 0.0188, 0.0550, 0.0451])}}
Data object __dict__ in prepare_graph_data with covariance features: {'_edge_attr_cls': <class 'torch_geometric.data.data.DataEdgeAttr'>, '_tensor_attr_cls': <class 'torch_geometric.data.data.DataTensorAttr'>, '_store': {'x': tensor([[0.0000, 0.1417, 0.1392,  ..., 0.3930, 0.1214, 0.2180],
        [0.1417, 0.0000, 0.2757,  ..., 0.1475, 0.1824, 0.1588],
        [0.1392, 0.2757, 0.0000,  ..., 0.1733, 0.2539, 0.2319],
        ...,
        [0.3930, 0.1475, 0.1733,  ..., 0.0000, 0.1481, 0.1667],
        [0.1214, 0.1824, 0.2539,  ..., 0.1481, 0.0000, 0.2027],
        [0.2180, 0.1588, 0.2319,  ..., 0.1667, 0.2027, 0.0000]]), 'edge_index': tensor([[ 0,  0,  0,  ..., 63, 63, 63],
        [ 1,  2,  3,  ..., 60, 61, 62]]), 'edge_attr': tensor([0.1415, 0.2044, 0.6818,  ..., 0.2769, 0.2938, 0.2705])}}
Data object __dict__ in prepare_graph_data with covariance features: {'_edge_attr_cls': <class 'torch_geometric.data.data.DataEdgeAttr'>, '_tensor_attr_cls': <class 'torch_geometric.data.data.DataTensorAttr'>, '_store': {'x': tensor([[ 0.0000e+00,  3.7392e-02,  8.8625e-05,  ...,  5.5720e-01,
         -1.6694e-01,  1.3675e-01],
        [ 3.7392e-02,  0.0000e+00,  7.5219e-02,  ...,  2.1364e-02,
          2.0840e-01,  3.0457e-02],
        [ 8.8625e-05,  7.5219e-02,  0.0000e+00,  ...,  3.5627e-02,
          1.2311e-01,  6.6924e-02],
        ...,
        [ 5.5720e-01,  2.1364e-02,  3.5627e-02,  ...,  0.0000e+00,
         -1.6237e-01,  1.2231e-01],
        [-1.6694e-01,  2.0840e-01,  1.2311e-01,  ..., -1.6237e-01,
          0.0000e+00, -1.0594e-02],
        [ 1.3675e-01,  3.0457e-02,  6.6924e-02,  ...,  1.2231e-01,
         -1.0594e-02,  0.0000e+00]]), 'edge_index': tensor([[ 0,  0,  0,  ..., 63, 63, 63],
        [ 1,  3,  4,  ..., 60, 61, 62]]), 'edge_attr': tensor([0.1194, 0.6938, 0.0509,  ..., 0.1790, 0.1918, 0.0325])}}
Data object __dict__ in prepare_graph_data with covariance features: {'_edge_attr_cls': <class 'torch_geometric.data.data.DataEdgeAttr'>, '_tensor_attr_cls': <class 'torch_geometric.data.data.DataTensorAttr'>, '_store': {'x': tensor([[0.0000, 0.1401, 0.2418,  ..., 0.5159, 0.2212, 0.3002],
        [0.1401, 0.0000, 0.1605,  ..., 0.1547, 0.1170, 0.1193],
        [0.2418, 0.1605, 0.0000,  ..., 0.2521, 0.2230, 0.2319],
        ...,
        [0.5159, 0.1547, 0.2521,  ..., 0.0000, 0.2237, 0.3057],
        [0.2212, 0.1170, 0.2230,  ..., 0.2237, 0.0000, 0.2193],
        [0.3002, 0.1193, 0.2319,  ..., 0.3057, 0.2193, 0.0000]]), 'edge_index': tensor([[ 0,  0,  0,  ..., 63, 63, 63],
        [ 1,  2,  3,  ..., 60, 61, 62]]), 'edge_attr': tensor([0.0435, 0.3707, 0.5588,  ..., 0.1232, 0.4554, 0.1998])}}
Data object __dict__ in prepare_graph_data with covariance features: {'_edge_attr_cls': <class 'torch_geometric.data.data.DataEdgeAttr'>, '_tensor_attr_cls': <class 'torch_geometric.data.data.DataTensorAttr'>, '_store': {'x': tensor([[ 0.0000,  0.1047,  0.1387,  ...,  0.5650,  0.1960,  0.2182],
        [ 0.1047,  0.0000,  0.1469,  ...,  0.1060,  0.1031,  0.0453],
        [ 0.1387,  0.1469,  0.0000,  ...,  0.1169,  0.2362, -0.0163],
        ...,
        [ 0.5650,  0.1060,  0.1169,  ...,  0.0000,  0.1716,  0.2746],
        [ 0.1960,  0.1031,  0.2362,  ...,  0.1716,  0.0000,  0.0127],
        [ 0.2182,  0.0453, -0.0163,  ...,  0.2746,  0.0127,  0.0000]]), 'edge_index': tensor([[ 0,  0,  0,  ..., 63, 63, 63],
        [ 1,  2,  3,  ..., 58, 60, 61]]), 'edge_attr': tensor([0.0240, 0.0345, 0.4797,  ..., 0.0039, 0.3356, 0.4436])}}
Data object __dict__ in prepare_graph_data with covariance features: {'_edge_attr_cls': <class 'torch_geometric.data.data.DataEdgeAttr'>, '_tensor_attr_cls': <class 'torch_geometric.data.data.DataTensorAttr'>, '_store': {'x': tensor([[ 0.0000, -0.0051,  0.0837,  ...,  0.1507, -0.0506,  0.0619],
        [-0.0051,  0.0000,  0.2935,  ...,  0.0799, -0.0478,  0.1941],
        [ 0.0837,  0.2935,  0.0000,  ...,  0.0919, -0.0963,  0.3035],
        ...,
        [ 0.1507,  0.0799,  0.0919,  ...,  0.0000,  0.0080,  0.1143],
        [-0.0506, -0.0478, -0.0963,  ...,  0.0080,  0.0000,  0.1024],
        [ 0.0619,  0.1941,  0.3035,  ...,  0.1143,  0.1024,  0.0000]]), 'edge_index': tensor([[ 0,  0,  0,  ..., 63, 63, 63],
        [ 2,  3,  4,  ..., 60, 61, 62]]), 'edge_attr': tensor([0.1614, 0.4763, 0.3149,  ..., 0.4163, 0.2902, 0.1646])}}
Data object __dict__ in prepare_graph_data with covariance features: {'_edge_attr_cls': <class 'torch_geometric.data.data.DataEdgeAttr'>, '_tensor_attr_cls': <class 'torch_geometric.data.data.DataTensorAttr'>, '_store': {'x': tensor([[ 0.0000, -0.0052,  0.0771,  ...,  0.1867,  0.0201,  0.2122],
        [-0.0052,  0.0000,  0.1806,  ...,  0.0280,  0.1952,  0.0924],
        [ 0.0771,  0.1806,  0.0000,  ...,  0.0286,  0.1395,  0.0985],
        ...,
        [ 0.1867,  0.0280,  0.0286,  ...,  0.0000,  0.0873,  0.1890],
        [ 0.0201,  0.1952,  0.1395,  ...,  0.0873,  0.0000,  0.2017],
        [ 0.2122,  0.0924,  0.0985,  ...,  0.1890,  0.2017,  0.0000]]), 'edge_index': tensor([[ 0,  0,  0,  ..., 63, 63, 63],
        [ 2,  3,  4,  ..., 60, 61, 62]]), 'edge_attr': tensor([0.2014, 0.4244, 0.0096,  ..., 0.1886, 0.3448, 0.3532])}}
Data object __dict__ in prepare_graph_data with covariance features: {'_edge_attr_cls': <class 'torch_geometric.data.data.DataEdgeAttr'>, '_tensor_attr_cls': <class 'torch_geometric.data.data.DataTensorAttr'>, '_store': {'x': tensor([[ 0.0000,  0.0438, -0.0791,  ...,  0.2550,  0.0339,  0.0797],
        [ 0.0438,  0.0000,  0.0175,  ...,  0.0321,  0.0696,  0.0331],
        [-0.0791,  0.0175,  0.0000,  ..., -0.1699, -0.0183, -0.0416],
        ...,
        [ 0.2550,  0.0321, -0.1699,  ...,  0.0000,  0.0798,  0.1588],
        [ 0.0339,  0.0696, -0.0183,  ...,  0.0798,  0.0000,  0.0935],
        [ 0.0797,  0.0331, -0.0416,  ...,  0.1588,  0.0935,  0.0000]]), 'edge_index': tensor([[ 0,  0,  0,  ..., 63, 63, 63],
        [ 3,  4,  6,  ..., 60, 61, 62]]), 'edge_attr': tensor([0.3762, 0.0035, 0.0397,  ..., 0.3857, 0.3154, 0.2695])}}
Data object __dict__ in prepare_graph_data with covariance features: {'_edge_attr_cls': <class 'torch_geometric.data.data.DataEdgeAttr'>, '_tensor_attr_cls': <class 'torch_geometric.data.data.DataTensorAttr'>, '_store': {'x': tensor([[ 0.0000, -0.2003, -0.0125,  ...,  0.3382, -0.1028,  0.0922],
        [-0.2003,  0.0000,  0.1608,  ..., -0.1664,  0.1147, -0.0429],
        [-0.0125,  0.1608,  0.0000,  ...,  0.0086, -0.1084,  0.1271],
        ...,
        [ 0.3382, -0.1664,  0.0086,  ...,  0.0000, -0.0596,  0.1394],
        [-0.1028,  0.1147, -0.1084,  ..., -0.0596,  0.0000,  0.0833],
        [ 0.0922, -0.0429,  0.1271,  ...,  0.1394,  0.0833,  0.0000]]), 'edge_index': tensor([[ 0,  0,  0,  ..., 63, 63, 63],
        [ 3,  4,  5,  ..., 59, 61, 62]]), 'edge_attr': tensor([0.4777, 0.1937, 0.2155,  ..., 0.0821, 0.2952, 0.0661])}}
Data object __dict__ in prepare_graph_data with covariance features: {'_edge_attr_cls': <class 'torch_geometric.data.data.DataEdgeAttr'>, '_tensor_attr_cls': <class 'torch_geometric.data.data.DataTensorAttr'>, '_store': {'x': tensor([[ 0.0000, -0.0849,  0.0823,  ...,  0.4246,  0.0573,  0.1067],
        [-0.0849,  0.0000, -0.0005,  ..., -0.0036, -0.0615,  0.0530],
        [ 0.0823, -0.0005,  0.0000,  ...,  0.0600,  0.2248,  0.0465],
        ...,
        [ 0.4246, -0.0036,  0.0600,  ...,  0.0000,  0.0698,  0.0961],
        [ 0.0573, -0.0615,  0.2248,  ...,  0.0698,  0.0000,  0.0564],
        [ 0.1067,  0.0530,  0.0465,  ...,  0.0961,  0.0564,  0.0000]]), 'edge_index': tensor([[ 0,  0,  0,  ..., 63, 63, 63],
        [ 2,  3,  6,  ..., 60, 61, 62]]), 'edge_attr': tensor([0.1005, 0.5607, 0.1155,  ..., 0.1060, 0.2760, 0.1297])}}
Data object __dict__ in prepare_graph_data with covariance features: {'_edge_attr_cls': <class 'torch_geometric.data.data.DataEdgeAttr'>, '_tensor_attr_cls': <class 'torch_geometric.data.data.DataTensorAttr'>, '_store': {'x': tensor([[0.0000, 0.0777, 0.1825,  ..., 0.5104, 0.0178, 0.2275],
        [0.0777, 0.0000, 0.1301,  ..., 0.0664, 0.0234, 0.0378],
        [0.1825, 0.1301, 0.0000,  ..., 0.1498, 0.1782, 0.1140],
        ...,
        [0.5104, 0.0664, 0.1498,  ..., 0.0000, 0.0149, 0.1741],
        [0.0178, 0.0234, 0.1782,  ..., 0.0149, 0.0000, 0.0665],
        [0.2275, 0.0378, 0.1140,  ..., 0.1741, 0.0665, 0.0000]]), 'edge_index': tensor([[ 0,  0,  0,  ..., 63, 63, 63],
        [ 1,  2,  3,  ..., 60, 61, 62]]), 'edge_attr': tensor([0.0840, 0.3271, 0.6851,  ..., 0.0621, 0.3526, 0.0713])}}
Data object __dict__ in prepare_graph_data with covariance features: {'_edge_attr_cls': <class 'torch_geometric.data.data.DataEdgeAttr'>, '_tensor_attr_cls': <class 'torch_geometric.data.data.DataTensorAttr'>, '_store': {'x': tensor([[ 0.0000,  0.0760,  0.1287,  ...,  0.4014,  0.0388,  0.1671],
        [ 0.0760,  0.0000,  0.0550,  ...,  0.0199,  0.2116,  0.2046],
        [ 0.1287,  0.0550,  0.0000,  ...,  0.0996,  0.0423,  0.1041],
        ...,
        [ 0.4014,  0.0199,  0.0996,  ...,  0.0000, -0.0129,  0.1409],
        [ 0.0388,  0.2116,  0.0423,  ..., -0.0129,  0.0000,  0.1847],
        [ 0.1671,  0.2046,  0.1041,  ...,  0.1409,  0.1847,  0.0000]]), 'edge_index': tensor([[ 0,  0,  0,  ..., 63, 63, 63],
        [ 2,  3,  4,  ..., 60, 61, 62]]), 'edge_attr': tensor([0.0607, 0.3847, 0.3125,  ..., 0.3828, 0.1930, 0.3511])}}
Data object __dict__ in prepare_graph_data with covariance features: {'_edge_attr_cls': <class 'torch_geometric.data.data.DataEdgeAttr'>, '_tensor_attr_cls': <class 'torch_geometric.data.data.DataTensorAttr'>, '_store': {'x': tensor([[0.0000, 0.3339, 0.1132,  ..., 0.2176, 0.0448, 0.1063],
        [0.3339, 0.0000, 0.0235,  ..., 0.1650, 0.0552, 0.1103],
        [0.1132, 0.0235, 0.0000,  ..., 0.1271, 0.0891, 0.0144],
        ...,
        [0.2176, 0.1650, 0.1271,  ..., 0.0000, 0.0359, 0.0491],
        [0.0448, 0.0552, 0.0891,  ..., 0.0359, 0.0000, 0.0364],
        [0.1063, 0.1103, 0.0144,  ..., 0.0491, 0.0364, 0.0000]]), 'edge_index': tensor([[ 0,  0,  0,  ..., 63, 63, 63],
        [ 1,  2,  3,  ..., 60, 61, 62]]), 'edge_attr': tensor([0.5002, 0.1793, 0.5244,  ..., 0.1763, 0.1525, 0.1618])}}
Data object __dict__ in prepare_graph_data with covariance features: {'_edge_attr_cls': <class 'torch_geometric.data.data.DataEdgeAttr'>, '_tensor_attr_cls': <class 'torch_geometric.data.data.DataTensorAttr'>, '_store': {'x': tensor([[0.0000e+00, 2.7495e-03, 1.2980e-01,  ..., 3.3422e-01, 1.9571e-01,
         1.5283e-02],
        [2.7495e-03, 0.0000e+00, 4.9271e-03,  ..., 1.8664e-03, 3.2097e-03,
         1.4198e-04],
        [1.2980e-01, 4.9271e-03, 0.0000e+00,  ..., 8.4436e-02, 1.6599e-01,
         7.3429e-03],
        ...,
        [3.3422e-01, 1.8664e-03, 8.4436e-02,  ..., 0.0000e+00, 1.2525e-01,
         9.3729e-03],
        [1.9571e-01, 3.2097e-03, 1.6599e-01,  ..., 1.2525e-01, 0.0000e+00,
         1.5580e-02],
        [1.5283e-02, 1.4198e-04, 7.3429e-03,  ..., 9.3729e-03, 1.5580e-02,
         0.0000e+00]]), 'edge_index': tensor([[ 0,  0,  0,  ..., 63, 63, 63],
        [ 1,  2,  3,  ..., 60, 61, 62]]), 'edge_attr': tensor([0.0833, 0.5573, 0.7113,  ..., 0.4006, 0.4232, 0.2832])}}
Data object __dict__ in prepare_graph_data with covariance features: {'_edge_attr_cls': <class 'torch_geometric.data.data.DataEdgeAttr'>, '_tensor_attr_cls': <class 'torch_geometric.data.data.DataTensorAttr'>, '_store': {'x': tensor([[ 0.0000,  0.1333, -0.2016,  ...,  0.4937, -0.0984,  0.1610],
        [ 0.1333,  0.0000,  0.0794,  ...,  0.1995, -0.0630,  0.0994],
        [-0.2016,  0.0794,  0.0000,  ..., -0.1724,  0.0381, -0.0259],
        ...,
        [ 0.4937,  0.1995, -0.1724,  ...,  0.0000, -0.1081,  0.1406],
        [-0.0984, -0.0630,  0.0381,  ..., -0.1081,  0.0000, -0.0065],
        [ 0.1610,  0.0994, -0.0259,  ...,  0.1406, -0.0065,  0.0000]]), 'edge_index': tensor([[ 0,  0,  0,  ..., 63, 63, 63],
        [ 1,  3,  4,  ..., 59, 60, 61]]), 'edge_attr': tensor([0.1468, 0.5400, 0.0838,  ..., 0.0547, 0.1474, 0.3015])}}

--- Starting Hyperparameter Grid Search ---

--- Evaluating o_weight=0.5, co_weight=1.0 ---
 Initializing CAL_GAT model...

--- Fold 1/5 ---
C:\Users\bqtha\AppData\Local\Programs\Python\Python313\Lib\site-packages\torch_geometric\deprecation.py:26: UserWarning: 'data.DataLoader' is deprecated, use 'loader.DataLoader' instead
  warnings.warn(out)
 Initializing optimizer and scheduler for Fold 1...
C:\Users\bqtha\AppData\Local\Programs\Python\Python313\Lib\site-packages\torch\optim\lr_scheduler.py:62: UserWarning: The verbose parameter is deprecated. Please use get_last_lr() to access the learning rate.
  warnings.warn(
 Starting training and validation for Fold 1 with patience=10 epochs...
  Epoch 1/500 - Fold 1: Train Loss: 1.4668, Val Loss: 1.0407, Val Acc: 0.5000, Best Val Acc: 0.5000, No Improvement Epochs: 0
  Epoch 2/500 - Fold 1: Train Loss: 1.2623, Val Loss: 1.0410, Val Acc: 0.5000, Best Val Acc: 0.5000, No Improvement Epochs: 1
  Epoch 3/500 - Fold 1: Train Loss: 1.5865, Val Loss: 1.0405, Val Acc: 0.5000, Best Val Acc: 0.5000, No Improvement Epochs: 0
  Epoch 4/500 - Fold 1: Train Loss: 1.1527, Val Loss: 1.0403, Val Acc: 0.5000, Best Val Acc: 0.5000, No Improvement Epochs: 0
  Epoch 5/500 - Fold 1: Train Loss: 1.0903, Val Loss: 1.0402, Val Acc: 0.5000, Best Val Acc: 0.5000, No Improvement Epochs: 0
  Epoch 6/500 - Fold 1: Train Loss: 1.1131, Val Loss: 1.0405, Val Acc: 0.5000, Best Val Acc: 0.5000, No Improvement Epochs: 1
  Epoch 7/500 - Fold 1: Train Loss: 1.1644, Val Loss: 1.0411, Val Acc: 0.5000, Best Val Acc: 0.5000, No Improvement Epochs: 2
  Epoch 8/500 - Fold 1: Train Loss: 1.2571, Val Loss: 1.0414, Val Acc: 0.5000, Best Val Acc: 0.5000, No Improvement Epochs: 3
  Epoch 9/500 - Fold 1: Train Loss: 1.2357, Val Loss: 1.0415, Val Acc: 0.5000, Best Val Acc: 0.5000, No Improvement Epochs: 4
  Epoch 10/500 - Fold 1: Train Loss: 0.9733, Val Loss: 1.0421, Val Acc: 0.5000, Best Val Acc: 0.5000, No Improvement Epochs: 5
  Epoch 11/500 - Fold 1: Train Loss: 0.9911, Val Loss: 1.0425, Val Acc: 0.5000, Best Val Acc: 0.5000, No Improvement Epochs: 6
  Epoch 12/500 - Fold 1: Train Loss: 1.2530, Val Loss: 1.0426, Val Acc: 0.5000, Best Val Acc: 0.5000, No Improvement Epochs: 7
  Epoch 13/500 - Fold 1: Train Loss: 0.9632, Val Loss: 1.0427, Val Acc: 0.5000, Best Val Acc: 0.5000, No Improvement Epochs: 8
  Epoch 14/500 - Fold 1: Train Loss: 0.8942, Val Loss: 1.0427, Val Acc: 0.5000, Best Val Acc: 0.5000, No Improvement Epochs: 9
  Epoch 15/500 - Fold 1: Train Loss: 0.9347, Val Loss: 1.0425, Val Acc: 0.6667, Best Val Acc: 0.5000, No Improvement Epochs: 10
  Early stopping triggered: Validation loss did not improve for 10 epochs.
  Fold 1 Training finished (or stopped early). Loading best model from validation...
  Fold 1 Final Validation Loss: 1.0425, Final Validation Accuracy: 0.6667
  Fold 1 Confusion Matrix:
[[1 2]
 [0 3]]

--- Fold 2/5 ---
C:\Users\bqtha\AppData\Local\Programs\Python\Python313\Lib\site-packages\torch_geometric\deprecation.py:26: UserWarning: 'data.DataLoader' is deprecated, use 'loader.DataLoader' instead
  warnings.warn(out)
 Initializing optimizer and scheduler for Fold 2...
C:\Users\bqtha\AppData\Local\Programs\Python\Python313\Lib\site-packages\torch\optim\lr_scheduler.py:62: UserWarning: The verbose parameter is deprecated. Please use get_last_lr() to access the learning rate.
  warnings.warn(
 Starting training and validation for Fold 2 with patience=10 epochs...
  Epoch 1/500 - Fold 2: Train Loss: 1.3047, Val Loss: 0.9849, Val Acc: 0.6000, Best Val Acc: 0.6000, No Improvement Epochs: 0
  Epoch 2/500 - Fold 2: Train Loss: 0.9859, Val Loss: 0.9776, Val Acc: 0.6000, Best Val Acc: 0.6000, No Improvement Epochs: 0
  Epoch 3/500 - Fold 2: Train Loss: 1.0781, Val Loss: 0.9679, Val Acc: 0.6000, Best Val Acc: 0.6000, No Improvement Epochs: 0
  Epoch 4/500 - Fold 2: Train Loss: 0.9961, Val Loss: 0.9610, Val Acc: 0.6000, Best Val Acc: 0.6000, No Improvement Epochs: 0
  Epoch 5/500 - Fold 2: Train Loss: 0.9220, Val Loss: 0.9549, Val Acc: 0.6000, Best Val Acc: 0.6000, No Improvement Epochs: 0
  Epoch 6/500 - Fold 2: Train Loss: 0.8724, Val Loss: 0.9493, Val Acc: 0.6000, Best Val Acc: 0.6000, No Improvement Epochs: 0
  Epoch 7/500 - Fold 2: Train Loss: 1.0402, Val Loss: 0.9427, Val Acc: 0.6000, Best Val Acc: 0.6000, No Improvement Epochs: 0
  Epoch 8/500 - Fold 2: Train Loss: 1.0945, Val Loss: 0.9361, Val Acc: 0.6000, Best Val Acc: 0.6000, No Improvement Epochs: 0
  Epoch 9/500 - Fold 2: Train Loss: 1.1015, Val Loss: 0.9299, Val Acc: 0.6000, Best Val Acc: 0.6000, No Improvement Epochs: 0
  Epoch 10/500 - Fold 2: Train Loss: 0.8516, Val Loss: 0.9251, Val Acc: 0.4000, Best Val Acc: 0.4000, No Improvement Epochs: 0
  Epoch 11/500 - Fold 2: Train Loss: 0.6914, Val Loss: 0.9206, Val Acc: 0.6000, Best Val Acc: 0.6000, No Improvement Epochs: 0
  Epoch 12/500 - Fold 2: Train Loss: 0.8957, Val Loss: 0.9185, Val Acc: 0.6000, Best Val Acc: 0.6000, No Improvement Epochs: 0
  Epoch 13/500 - Fold 2: Train Loss: 0.7433, Val Loss: 0.9153, Val Acc: 0.6000, Best Val Acc: 0.6000, No Improvement Epochs: 0
  Epoch 14/500 - Fold 2: Train Loss: 0.9228, Val Loss: 0.9156, Val Acc: 0.6000, Best Val Acc: 0.6000, No Improvement Epochs: 1
  Epoch 15/500 - Fold 2: Train Loss: 0.9409, Val Loss: 0.9169, Val Acc: 0.6000, Best Val Acc: 0.6000, No Improvement Epochs: 2
  Epoch 16/500 - Fold 2: Train Loss: 0.7206, Val Loss: 0.9193, Val Acc: 0.6000, Best Val Acc: 0.6000, No Improvement Epochs: 3
  Epoch 17/500 - Fold 2: Train Loss: 1.0524, Val Loss: 0.9219, Val Acc: 0.6000, Best Val Acc: 0.6000, No Improvement Epochs: 4
  Epoch 18/500 - Fold 2: Train Loss: 0.9672, Val Loss: 0.9287, Val Acc: 0.6000, Best Val Acc: 0.6000, No Improvement Epochs: 5
  Epoch 19/500 - Fold 2: Train Loss: 0.6008, Val Loss: 0.9353, Val Acc: 0.6000, Best Val Acc: 0.6000, No Improvement Epochs: 6
  Epoch 20/500 - Fold 2: Train Loss: 0.7886, Val Loss: 0.9392, Val Acc: 0.6000, Best Val Acc: 0.6000, No Improvement Epochs: 7
  Epoch 21/500 - Fold 2: Train Loss: 0.7268, Val Loss: 0.9458, Val Acc: 0.6000, Best Val Acc: 0.6000, No Improvement Epochs: 8
  Epoch 22/500 - Fold 2: Train Loss: 0.8192, Val Loss: 0.9560, Val Acc: 0.6000, Best Val Acc: 0.6000, No Improvement Epochs: 9
  Epoch 23/500 - Fold 2: Train Loss: 0.8132, Val Loss: 0.9647, Val Acc: 0.6000, Best Val Acc: 0.6000, No Improvement Epochs: 10
  Early stopping triggered: Validation loss did not improve for 10 epochs.
  Fold 2 Training finished (or stopped early). Loading best model from validation...
  Fold 2 Final Validation Loss: 0.9647, Final Validation Accuracy: 0.6000
  Fold 2 Confusion Matrix:
[[1 1]
 [1 2]]

--- Fold 3/5 ---
C:\Users\bqtha\AppData\Local\Programs\Python\Python313\Lib\site-packages\torch_geometric\deprecation.py:26: UserWarning: 'data.DataLoader' is deprecated, use 'loader.DataLoader' instead
  warnings.warn(out)
 Initializing optimizer and scheduler for Fold 3...
C:\Users\bqtha\AppData\Local\Programs\Python\Python313\Lib\site-packages\torch\optim\lr_scheduler.py:62: UserWarning: The verbose parameter is deprecated. Please use get_last_lr() to access the learning rate.
  warnings.warn(
 Starting training and validation for Fold 3 with patience=10 epochs...
  Epoch 1/500 - Fold 3: Train Loss: 0.8650, Val Loss: 0.9130, Val Acc: 0.6000, Best Val Acc: 0.6000, No Improvement Epochs: 0
  Epoch 2/500 - Fold 3: Train Loss: 0.7629, Val Loss: 0.9157, Val Acc: 0.6000, Best Val Acc: 0.6000, No Improvement Epochs: 1
  Epoch 3/500 - Fold 3: Train Loss: 0.8879, Val Loss: 0.9157, Val Acc: 0.6000, Best Val Acc: 0.6000, No Improvement Epochs: 2
  Epoch 4/500 - Fold 3: Train Loss: 0.8470, Val Loss: 0.9146, Val Acc: 0.6000, Best Val Acc: 0.6000, No Improvement Epochs: 3
  Epoch 5/500 - Fold 3: Train Loss: 0.8262, Val Loss: 0.9060, Val Acc: 0.6000, Best Val Acc: 0.6000, No Improvement Epochs: 0
  Epoch 6/500 - Fold 3: Train Loss: 0.7452, Val Loss: 0.8999, Val Acc: 0.6000, Best Val Acc: 0.6000, No Improvement Epochs: 0
  Epoch 7/500 - Fold 3: Train Loss: 0.7932, Val Loss: 0.8960, Val Acc: 0.6000, Best Val Acc: 0.6000, No Improvement Epochs: 0
  Epoch 8/500 - Fold 3: Train Loss: 0.6119, Val Loss: 0.8956, Val Acc: 0.6000, Best Val Acc: 0.6000, No Improvement Epochs: 0
  Epoch 9/500 - Fold 3: Train Loss: 0.8230, Val Loss: 0.8922, Val Acc: 0.6000, Best Val Acc: 0.6000, No Improvement Epochs: 0
  Epoch 10/500 - Fold 3: Train Loss: 0.7686, Val Loss: 0.8850, Val Acc: 0.6000, Best Val Acc: 0.6000, No Improvement Epochs: 0
  Epoch 11/500 - Fold 3: Train Loss: 0.5889, Val Loss: 0.8824, Val Acc: 0.6000, Best Val Acc: 0.6000, No Improvement Epochs: 0
  Epoch 12/500 - Fold 3: Train Loss: 0.6416, Val Loss: 0.8771, Val Acc: 0.6000, Best Val Acc: 0.6000, No Improvement Epochs: 0
  Epoch 13/500 - Fold 3: Train Loss: 0.7033, Val Loss: 0.8725, Val Acc: 0.6000, Best Val Acc: 0.6000, No Improvement Epochs: 0
  Epoch 14/500 - Fold 3: Train Loss: 0.7621, Val Loss: 0.8685, Val Acc: 0.6000, Best Val Acc: 0.6000, No Improvement Epochs: 0
  Epoch 15/500 - Fold 3: Train Loss: 0.7949, Val Loss: 0.8616, Val Acc: 0.6000, Best Val Acc: 0.6000, No Improvement Epochs: 0
  Epoch 16/500 - Fold 3: Train Loss: 0.7089, Val Loss: 0.8539, Val Acc: 0.6000, Best Val Acc: 0.6000, No Improvement Epochs: 0
  Epoch 17/500 - Fold 3: Train Loss: 0.5073, Val Loss: 0.8456, Val Acc: 0.6000, Best Val Acc: 0.6000, No Improvement Epochs: 0
  Epoch 18/500 - Fold 3: Train Loss: 0.5296, Val Loss: 0.8384, Val Acc: 0.6000, Best Val Acc: 0.6000, No Improvement Epochs: 0
  Epoch 19/500 - Fold 3: Train Loss: 0.5369, Val Loss: 0.8320, Val Acc: 0.8000, Best Val Acc: 0.8000, No Improvement Epochs: 0
  Epoch 20/500 - Fold 3: Train Loss: 0.5786, Val Loss: 0.8242, Val Acc: 0.8000, Best Val Acc: 0.8000, No Improvement Epochs: 0
  Epoch 21/500 - Fold 3: Train Loss: 0.6282, Val Loss: 0.8158, Val Acc: 0.8000, Best Val Acc: 0.8000, No Improvement Epochs: 0
  Epoch 22/500 - Fold 3: Train Loss: 0.6771, Val Loss: 0.8072, Val Acc: 0.8000, Best Val Acc: 0.8000, No Improvement Epochs: 0
  Epoch 23/500 - Fold 3: Train Loss: 0.4804, Val Loss: 0.8005, Val Acc: 0.8000, Best Val Acc: 0.8000, No Improvement Epochs: 0
  Epoch 24/500 - Fold 3: Train Loss: 0.5417, Val Loss: 0.7927, Val Acc: 0.8000, Best Val Acc: 0.8000, No Improvement Epochs: 0
  Epoch 25/500 - Fold 3: Train Loss: 0.5949, Val Loss: 0.7865, Val Acc: 0.8000, Best Val Acc: 0.8000, No Improvement Epochs: 0
  Epoch 26/500 - Fold 3: Train Loss: 0.5267, Val Loss: 0.7820, Val Acc: 0.8000, Best Val Acc: 0.8000, No Improvement Epochs: 0
  Epoch 27/500 - Fold 3: Train Loss: 0.4586, Val Loss: 0.7727, Val Acc: 0.8000, Best Val Acc: 0.8000, No Improvement Epochs: 0
  Epoch 28/500 - Fold 3: Train Loss: 0.4334, Val Loss: 0.7642, Val Acc: 0.8000, Best Val Acc: 0.8000, No Improvement Epochs: 0
  Epoch 29/500 - Fold 3: Train Loss: 0.6755, Val Loss: 0.7552, Val Acc: 0.8000, Best Val Acc: 0.8000, No Improvement Epochs: 0
  Epoch 30/500 - Fold 3: Train Loss: 0.5268, Val Loss: 0.7486, Val Acc: 0.8000, Best Val Acc: 0.8000, No Improvement Epochs: 0
  Epoch 31/500 - Fold 3: Train Loss: 0.5011, Val Loss: 0.7420, Val Acc: 0.8000, Best Val Acc: 0.8000, No Improvement Epochs: 0
  Epoch 32/500 - Fold 3: Train Loss: 0.4997, Val Loss: 0.7325, Val Acc: 0.8000, Best Val Acc: 0.8000, No Improvement Epochs: 0
  Epoch 33/500 - Fold 3: Train Loss: 0.5294, Val Loss: 0.7264, Val Acc: 0.8000, Best Val Acc: 0.8000, No Improvement Epochs: 0
  Epoch 34/500 - Fold 3: Train Loss: 0.5113, Val Loss: 0.7187, Val Acc: 0.8000, Best Val Acc: 0.8000, No Improvement Epochs: 0
  Epoch 35/500 - Fold 3: Train Loss: 0.4898, Val Loss: 0.7123, Val Acc: 0.8000, Best Val Acc: 0.8000, No Improvement Epochs: 0
  Epoch 36/500 - Fold 3: Train Loss: 0.4980, Val Loss: 0.7051, Val Acc: 0.8000, Best Val Acc: 0.8000, No Improvement Epochs: 0
  Epoch 37/500 - Fold 3: Train Loss: 0.5836, Val Loss: 0.7008, Val Acc: 0.8000, Best Val Acc: 0.8000, No Improvement Epochs: 0
  Epoch 38/500 - Fold 3: Train Loss: 0.4743, Val Loss: 0.6960, Val Acc: 0.8000, Best Val Acc: 0.8000, No Improvement Epochs: 0
  Epoch 39/500 - Fold 3: Train Loss: 0.5000, Val Loss: 0.6903, Val Acc: 0.8000, Best Val Acc: 0.8000, No Improvement Epochs: 0
  Epoch 40/500 - Fold 3: Train Loss: 0.4849, Val Loss: 0.6856, Val Acc: 0.8000, Best Val Acc: 0.8000, No Improvement Epochs: 0
  Epoch 41/500 - Fold 3: Train Loss: 0.5847, Val Loss: 0.6820, Val Acc: 0.8000, Best Val Acc: 0.8000, No Improvement Epochs: 0
  Epoch 42/500 - Fold 3: Train Loss: 0.4784, Val Loss: 0.6799, Val Acc: 0.8000, Best Val Acc: 0.8000, No Improvement Epochs: 0
  Epoch 43/500 - Fold 3: Train Loss: 0.3837, Val Loss: 0.6794, Val Acc: 0.8000, Best Val Acc: 0.8000, No Improvement Epochs: 0
  Epoch 44/500 - Fold 3: Train Loss: 0.5493, Val Loss: 0.6777, Val Acc: 0.8000, Best Val Acc: 0.8000, No Improvement Epochs: 0
  Epoch 45/500 - Fold 3: Train Loss: 0.4369, Val Loss: 0.6776, Val Acc: 0.8000, Best Val Acc: 0.8000, No Improvement Epochs: 0
  Epoch 46/500 - Fold 3: Train Loss: 0.4530, Val Loss: 0.6805, Val Acc: 0.8000, Best Val Acc: 0.8000, No Improvement Epochs: 1
  Epoch 47/500 - Fold 3: Train Loss: 0.4985, Val Loss: 0.6811, Val Acc: 0.8000, Best Val Acc: 0.8000, No Improvement Epochs: 2
  Epoch 48/500 - Fold 3: Train Loss: 0.4215, Val Loss: 0.6826, Val Acc: 0.8000, Best Val Acc: 0.8000, No Improvement Epochs: 3
  Epoch 49/500 - Fold 3: Train Loss: 0.4374, Val Loss: 0.6823, Val Acc: 0.8000, Best Val Acc: 0.8000, No Improvement Epochs: 4
  Epoch 50/500 - Fold 3: Train Loss: 0.4348, Val Loss: 0.6818, Val Acc: 0.8000, Best Val Acc: 0.8000, No Improvement Epochs: 5
  Epoch 51/500 - Fold 3: Train Loss: 0.4399, Val Loss: 0.6811, Val Acc: 0.8000, Best Val Acc: 0.8000, No Improvement Epochs: 6
  Epoch 52/500 - Fold 3: Train Loss: 0.3627, Val Loss: 0.6806, Val Acc: 0.8000, Best Val Acc: 0.8000, No Improvement Epochs: 7
  Epoch 53/500 - Fold 3: Train Loss: 0.4823, Val Loss: 0.6820, Val Acc: 0.8000, Best Val Acc: 0.8000, No Improvement Epochs: 8
  Epoch 54/500 - Fold 3: Train Loss: 0.3559, Val Loss: 0.6818, Val Acc: 0.8000, Best Val Acc: 0.8000, No Improvement Epochs: 9
  Epoch 55/500 - Fold 3: Train Loss: 0.4062, Val Loss: 0.6823, Val Acc: 0.8000, Best Val Acc: 0.8000, No Improvement Epochs: 10
  Early stopping triggered: Validation loss did not improve for 10 epochs.
  Fold 3 Training finished (or stopped early). Loading best model from validation...
  Fold 3 Final Validation Loss: 0.6823, Final Validation Accuracy: 0.8000
  Fold 3 Confusion Matrix:
[[2 1]
 [0 2]]

--- Fold 4/5 ---
C:\Users\bqtha\AppData\Local\Programs\Python\Python313\Lib\site-packages\torch_geometric\deprecation.py:26: UserWarning: 'data.DataLoader' is deprecated, use 'loader.DataLoader' instead
  warnings.warn(out)
 Initializing optimizer and scheduler for Fold 4...
C:\Users\bqtha\AppData\Local\Programs\Python\Python313\Lib\site-packages\torch\optim\lr_scheduler.py:62: UserWarning: The verbose parameter is deprecated. Please use get_last_lr() to access the learning rate.
  warnings.warn(
 Starting training and validation for Fold 4 with patience=10 epochs...
  Epoch 1/500 - Fold 4: Train Loss: 0.4685, Val Loss: 0.1610, Val Acc: 1.0000, Best Val Acc: 1.0000, No Improvement Epochs: 0
  Epoch 2/500 - Fold 4: Train Loss: 0.4510, Val Loss: 0.1519, Val Acc: 1.0000, Best Val Acc: 1.0000, No Improvement Epochs: 0
  Epoch 3/500 - Fold 4: Train Loss: 0.4721, Val Loss: 0.1422, Val Acc: 1.0000, Best Val Acc: 1.0000, No Improvement Epochs: 0
  Epoch 4/500 - Fold 4: Train Loss: 0.4877, Val Loss: 0.1363, Val Acc: 1.0000, Best Val Acc: 1.0000, No Improvement Epochs: 0
  Epoch 5/500 - Fold 4: Train Loss: 0.4979, Val Loss: 0.1314, Val Acc: 1.0000, Best Val Acc: 1.0000, No Improvement Epochs: 0
  Epoch 6/500 - Fold 4: Train Loss: 0.4022, Val Loss: 0.1256, Val Acc: 1.0000, Best Val Acc: 1.0000, No Improvement Epochs: 0
  Epoch 7/500 - Fold 4: Train Loss: 0.5747, Val Loss: 0.1210, Val Acc: 1.0000, Best Val Acc: 1.0000, No Improvement Epochs: 0
  Epoch 8/500 - Fold 4: Train Loss: 0.4715, Val Loss: 0.1180, Val Acc: 1.0000, Best Val Acc: 1.0000, No Improvement Epochs: 0
  Epoch 9/500 - Fold 4: Train Loss: 0.4227, Val Loss: 0.1170, Val Acc: 1.0000, Best Val Acc: 1.0000, No Improvement Epochs: 0
  Epoch 10/500 - Fold 4: Train Loss: 0.4792, Val Loss: 0.1191, Val Acc: 1.0000, Best Val Acc: 1.0000, No Improvement Epochs: 1
  Epoch 11/500 - Fold 4: Train Loss: 0.4115, Val Loss: 0.1228, Val Acc: 1.0000, Best Val Acc: 1.0000, No Improvement Epochs: 2
  Epoch 12/500 - Fold 4: Train Loss: 0.4787, Val Loss: 0.1258, Val Acc: 1.0000, Best Val Acc: 1.0000, No Improvement Epochs: 3
  Epoch 13/500 - Fold 4: Train Loss: 0.4663, Val Loss: 0.1288, Val Acc: 1.0000, Best Val Acc: 1.0000, No Improvement Epochs: 4
  Epoch 14/500 - Fold 4: Train Loss: 0.2991, Val Loss: 0.1314, Val Acc: 1.0000, Best Val Acc: 1.0000, No Improvement Epochs: 5
  Epoch 15/500 - Fold 4: Train Loss: 0.3781, Val Loss: 0.1332, Val Acc: 1.0000, Best Val Acc: 1.0000, No Improvement Epochs: 6
  Epoch 16/500 - Fold 4: Train Loss: 0.4416, Val Loss: 0.1346, Val Acc: 1.0000, Best Val Acc: 1.0000, No Improvement Epochs: 7
  Epoch 17/500 - Fold 4: Train Loss: 0.3268, Val Loss: 0.1344, Val Acc: 1.0000, Best Val Acc: 1.0000, No Improvement Epochs: 8
  Epoch 18/500 - Fold 4: Train Loss: 0.4599, Val Loss: 0.1350, Val Acc: 1.0000, Best Val Acc: 1.0000, No Improvement Epochs: 9
